time_ms csd_trace8
-8.300000000000000000e+01 1.439201660156250062e+00
-8.249949949949950678e+01 1.905510253906250062e+00
-8.199899899899899935e+01 2.270988769531249840e+00
-8.149849849849849193e+01 1.676994628906250062e+00
-8.099799799799799871e+01 1.649895019531250062e+00
-8.049749749749750549e+01 1.053215332031250062e+00
-7.999699699699699806e+01 9.001391601562500622e-01
-7.949649649649649064e+01 1.175773925781250062e+00
-7.899599599599599742e+01 1.175041503906250062e+00
-7.849549549549550420e+01 9.445727539062500622e-01
-7.799499499499499677e+01 7.624438476562500622e-01
-7.749449449449448935e+01 6.281665039062500622e-01
-7.699399399399399613e+01 4.262622070312500067e-01
-7.649349349349350291e+01 7.656176757812500622e-01
-7.599299299299299548e+01 7.790454101562500622e-01
-7.549249249249248805e+01 1.723559570312500067e-01
-7.499199199199199484e+01 9.911376953125000666e-02
-7.449149149149148741e+01 6.957934570312500622e-01
-7.399099099099099419e+01 4.018481445312500067e-01
-7.349049049049048676e+01 6.669848632812500622e-01
-7.298998998998999355e+01 7.080004882812500622e-01
-7.248948948948948612e+01 6.594165039062500622e-01
-7.198898898898899290e+01 9.338305664062500622e-01
-7.148848848848848547e+01 8.757250976562500622e-01
-7.098798798798799226e+01 1.053215332031250062e+00
-7.048748748748748483e+01 1.234611816406250062e+00
-6.998698698698697740e+01 1.130852050781250062e+00
-6.948648648648648418e+01 6.491625976562500622e-01
-6.898598598598599096e+01 7.053149414062500622e-01
-6.848548548548548354e+01 9.528735351562500622e-01
-6.798498498498497611e+01 1.180656738281250062e+00
-6.748448448448448289e+01 1.599602050781250062e+00
-6.698398398398398967e+01 1.270256347656250062e+00
-6.648348348348348225e+01 3.869555664062500067e-01
-6.598298298298297482e+01 5.768969726562500622e-01
-6.548248248248248160e+01 6.664306640625000666e-02
-6.498198198198198838e+01 7.690356445312500622e-01
-6.448148148148148096e+01 1.233635253906250062e+00
-6.398098098098098063e+01 1.361809082031250062e+00
-6.348048048048048031e+01 9.921801757812500622e-01
-6.297997997997997999e+01 7.651293945312500622e-01
-6.247947947947947966e+01 -1.870190429687499933e-01
-6.197897897897897224e+01 -4.607006835937499933e-01
-6.147847847847847902e+01 7.316894531250006661e-03
-6.097797797797797870e+01 -4.646069335937499933e-01
-6.047747747747747837e+01 -6.684643554687499378e-01
-5.997697697697697095e+01 -8.093334960937499378e-01
-5.947647647647647773e+01 -2.170483398437499933e-01
-5.897597597597597741e+01 3.923266601562500067e-01
-5.847547547547547708e+01 3.283618164062500067e-01
-5.797497497497496965e+01 -1.630932617187499933e-01
-5.747447447447447644e+01 -8.579174804687499378e-01
-5.697397397397396901e+01 -2.805249023437499933e-01
-5.647347347347347579e+01 -1.071850585937499933e-01
-5.597297297297296836e+01 -4.108959960937499933e-01
-5.547247247247247515e+01 -1.940991210937499933e-01
-5.497197197197196772e+01 1.701660156250006661e-03
-5.447147147147147450e+01 -6.142651367187499378e-01
-5.397097097097096707e+01 -1.369392089843749938e+00
-5.347047047047047386e+01 -1.189460449218749938e+00
-5.296996996996996643e+01 -8.830639648437499378e-01
-5.246946946946947321e+01 -5.283276367187499378e-01
-5.196896896896896578e+01 -7.226635742187499378e-01
-5.146846846846847257e+01 -2.812573242187499933e-01
-5.096796796796796514e+01 -2.419506835937499933e-01
-5.046746746746746481e+01 -3.911206054687499933e-01
-4.996696696696697160e+01 2.202075195312500067e-01
-4.946646646646646417e+01 -8.374755859374999334e-02
-4.896596596596596385e+01 1.572192382812500067e-01
-4.846546546546546352e+01 9.133227539062500622e-01
-4.796496496496496320e+01 6.237719726562500622e-01
-4.746446446446446998e+01 -6.568115234374999334e-02
-4.696396396396396256e+01 3.991625976562500067e-01
-4.646346346346346223e+01 6.423266601562500622e-01
-4.596296296296296191e+01 -2.441479492187499933e-01
-4.546246246246246159e+01 -1.940991210937499933e-01
-4.496196196196196126e+01 1.874926757812500067e-01
-4.446146146146146094e+01 -4.277416992187499933e-01
-4.396096096096096062e+01 -4.848706054687499933e-01
-4.346046046046046030e+01 -6.640698242187499378e-01
-4.295995995995995997e+01 -9.260327148437499378e-01
-4.245945945945945965e+01 -1.027595214843749938e+00
-4.195895895895895933e+01 -8.601147460937499378e-01
-4.145845845845845901e+01 -5.180737304687499378e-01
-4.095795795795795158e+01 -2.443920898437499933e-01
-4.045745745745745836e+01 -8.886791992187499378e-01
-3.995695695695695804e+01 -1.650642089843749938e+00
-3.945645645645645772e+01 -1.773444824218749938e+00
-3.895595595595595739e+01 -1.968269042968749938e+00
-3.845545545545544996e+01 -1.693854980468749938e+00
-3.795495495495495675e+01 -1.488776855468749938e+00
-3.745445445445445642e+01 -2.105476074218750160e+00
-3.695395395395394900e+01 -1.971931152343749938e+00
-3.645345345345345578e+01 -1.589362792968749938e+00
-3.595295295295294835e+01 -1.518806152343749938e+00
-3.545245245245245513e+01 -1.587165527343749938e+00
-3.495195195195195481e+01 -2.056647949218750160e+00
-3.445145145145144738e+01 -2.267341308593750160e+00
-3.395095095095095417e+01 -1.689948730468749938e+00
-3.345045045045044674e+01 -1.534675292968749938e+00
-3.294994994994994642e+01 -6.774975585937499378e-01
-3.244944944944945320e+01 -7.749096679687499378e-01
-3.194894894894894577e+01 -6.882397460937499378e-01
-3.144844844844845255e+01 -6.652905273437499378e-01
-3.094794794794794512e+01 -4.123608398437499933e-01
-3.044744744744744480e+01 -4.033276367187499933e-01
-2.994694694694695158e+01 -7.407299804687499378e-01
-2.944644644644644416e+01 -1.539802246093749938e+00
-2.894594594594594383e+01 -2.322272949218750160e+00
-2.844544544544544351e+01 -2.036384277343750160e+00
-2.794494494494494319e+01 -1.190681152343749938e+00
-2.744444444444444997e+01 -9.948803710937499378e-01
-2.694394394394394254e+01 -9.204174804687499378e-01
-2.644344344344344222e+01 -7.932202148437499378e-01
-2.594294294294294190e+01 -5.419995117187499378e-01
-2.544244244244244157e+01 -4.802319335937499933e-01
-2.494194194194194125e+01 -6.325756835937499378e-01
-2.444144144144144093e+01 -1.029792480468749938e+00
-2.394094094094094061e+01 -1.473151855468749938e+00
-2.344044044044044028e+01 -1.566169433593749938e+00
-2.293993993993993996e+01 -1.382087402343749938e+00
-2.243943943943943964e+01 -7.768627929687499378e-01
-2.193893893893893932e+01 1.774829101562500067e-01
-2.143843843843843899e+01 6.433032226562500622e-01
-2.093793793793793157e+01 -1.767651367187499933e-01
-2.043743743743743124e+01 -9.423901367187499378e-01
-1.993693693693694513e+01 -3.081127929687499933e-01
-1.943643643643643770e+01 4.150317382812500067e-01
-1.893593593593593027e+01 -5.982177734374999334e-02
-1.843543543543543706e+01 -2.824780273437499933e-01
-1.793493493493492963e+01 1.176684570312500067e-01
-1.743443443443443641e+01 4.543383789062500067e-01
-1.693393393393394319e+01 -2.500073242187499933e-01
-1.643343343343343577e+01 -6.933666992187499378e-01
-1.593293293293292834e+01 -1.323249511718749938e+00
-1.543243243243243512e+01 -1.151374511718749938e+00
-1.493193193193192769e+01 -1.081550292968749938e+00
-1.443143143143143448e+01 -1.281745605468749938e+00
-1.393093093093092705e+01 -6.701733398437499378e-01
-1.343043043043043383e+01 -5.336987304687499378e-01
-1.292992992992992640e+01 -7.119213867187499378e-01
-1.242942942942941897e+01 -9.238354492187499378e-01
-1.192892892892893997e+01 -1.167731933593749938e+00
-1.142842842842843254e+01 -1.453376464843749938e+00
-1.092792792792792511e+01 -1.252204589843749938e+00
-1.042742742742743189e+01 -9.082104492187499378e-01
-9.926926926926924466e+00 -1.279060058593749938e+00
-9.426426426426431249e+00 -1.521735839843749938e+00
-8.925925925925923821e+00 -1.801276855468749938e+00
-8.425425425425430603e+00 -1.316413574218749938e+00
-7.924924924924923175e+00 -8.618237304687499378e-01
-7.424424424424415747e+00 -1.068854980468749938e+00
-6.923923923923922530e+00 -1.300544433593749938e+00
-6.423423423423429313e+00 -1.938728027343749938e+00
-5.922922922922921884e+00 -1.673835449218749938e+00
-5.422422422422428667e+00 -4.438549804687499933e-01
-4.921921921921921239e+00 -5.263745117187499378e-01
-4.421421421421413811e+00 -7.070385742187499378e-01
-3.920920920920920594e+00 -6.176831054687499378e-01
-3.420420420420427376e+00 -1.867749023437499933e-01
-2.919919919919919948e+00 -1.175300292968749938e+00
-2.419419419419412520e+00 -9.848706054687499378e-01
-1.918918918918919303e+00 -3.933178710937499933e-01
-1.418418418418426086e+00 -4.577709960937499933e-01
-9.179179179179186576e-01 -8.869702148437499378e-01
-4.174174174174254404e-01 -8.313061523437499378e-01
8.308308308308198775e-02 -3.332592773437499933e-01
5.835835835835894159e-01 -5.293041992187499378e-01
1.084084084084096844e+00 -5.197827148437499378e-01
1.584584584584575850e+00 -2.414624023437499933e-01
2.085085085085083278e+00 -2.407299804687499933e-01
2.585585585585590707e+00 -4.138256835937499933e-01
3.086086086086083924e+00 -8.332592773437499378e-01
3.586586586586591352e+00 -6.770092773437499378e-01
4.087087087087084569e+00 -6.704174804687499378e-01
4.587587587587577787e+00 -4.423901367187499933e-01
5.088088088088085215e+00 -8.110424804687499378e-01
5.588588588588592643e+00 -6.596752929687499378e-01
6.089089089089100071e+00 -9.765698242187499378e-01
6.589589589589579077e+00 -1.018139648437499933e-01
7.090090090090086505e+00 1.950610351562500067e-01
7.590590590590593933e+00 -6.106030273437499378e-01
8.091091091091087151e+00 -5.564038085937499378e-01
8.591591591591594579e+00 -6.555249023437499378e-01
9.092092092092102007e+00 -4.675366210937499933e-01
9.592592592592581013e+00 -1.494213867187499933e-01
1.009309309309308844e+01 -8.313061523437499378e-01
1.059359359359359587e+01 -1.626716308593749938e+00
1.109409409409410330e+01 -9.748608398437499378e-01
1.159459459459459651e+01 -5.922924804687499378e-01
1.209509509509508973e+01 -1.058112792968749938e+00
1.259559559559559716e+01 -5.202709960937499378e-01
1.309609609609609038e+01 4.523852539062500067e-01
1.359659659659659781e+01 4.518969726562500067e-01
1.409709709709710523e+01 4.448168945312500067e-01
1.459759759759758424e+01 1.614494628906250062e+00
1.509809809809809167e+01 3.577873535156249840e+00
1.559859859859859910e+01 4.691154785156250284e+00
1.609909909909910652e+01 6.515861816406250284e+00
1.659959959959959974e+01 7.005363769531250284e+00
1.710010010010010717e+01 6.977531738281250284e+00
1.760060060060060039e+01 5.682854003906250284e+00
1.810110110110109360e+01 4.816643066406250284e+00
1.860160160160160103e+01 2.715080566406249840e+00
1.910210210210210846e+01 1.527092285156250062e+00
1.960260260260260168e+01 3.471606445312500067e-01
2.010310310310309490e+01 -1.221442871093749938e+00
2.060360360360360232e+01 -1.986579589843749938e+00
2.110410410410410975e+01 -2.718269042968750160e+00
2.160460460460460297e+01 -4.055183105468749716e+00
2.210510510510511040e+01 -5.063972167968749716e+00
2.260560560560561782e+01 -4.987556152343749716e+00
2.310610610610609683e+01 -5.327155761718749716e+00
2.360660660660660426e+01 -5.663337402343749716e+00
2.410710710710711169e+01 -6.933601074218749716e+00
2.460760760760760490e+01 -6.723640136718749716e+00
2.510810810810811233e+01 -6.862067871093749716e+00
2.560860860860860555e+01 -7.673591308593749716e+00
2.610910910910911298e+01 -7.860114746093749716e+00
2.660960960960960620e+01 -8.717536621093749716e+00
2.711011011011011362e+01 -9.927253417968749716e+00
2.761061061061062105e+01 -1.150952880859374972e+01
2.811111111111110006e+01 -1.224292724609374972e+01
2.861161161161160749e+01 -1.293360107421874972e+01
2.911211211211211491e+01 -1.388916748046874972e+01
2.961261261261260813e+01 -1.394678466796874972e+01
3.011311311311311556e+01 -1.352686279296874972e+01
3.061361361361362299e+01 -1.359571044921874972e+01
3.111411411411411621e+01 -1.428736083984374972e+01
3.161461461461460942e+01 -1.440406005859374972e+01
3.211511511511511685e+01 -1.487964599609374972e+01
3.261561561561562428e+01 -1.523780029296874972e+01
3.311611611611611750e+01 -1.568311279296874972e+01
3.361661661661661071e+01 -1.626197021484374972e+01
3.411711711711711814e+01 -1.652588623046874972e+01
3.461761761761761136e+01 -1.682227294921874972e+01
3.511811811811811879e+01 -1.709668701171874972e+01
3.561861861861862621e+01 -1.659571044921874972e+01
3.611911911911911943e+01 -1.655030029296874972e+01
3.661961961961961265e+01 -1.651074951171874972e+01
3.712012012012012008e+01 -1.703369873046874972e+01
3.762062062062062751e+01 -1.757544677734374972e+01
3.812112112112112072e+01 -1.762573974609374972e+01
3.862162162162162815e+01 -1.849024169921874972e+01
3.912212212212212137e+01 -1.891626708984374972e+01
3.962262262262261459e+01 -1.811524169921874972e+01
4.012312312312312201e+01 -1.770264404296874972e+01
4.062362362362362944e+01 -1.804248779296874972e+01
4.112412412412413687e+01 -1.838086669921874972e+01
4.162462462462461588e+01 -1.832715576171874972e+01
4.212512512512513752e+01 -1.783521240234374972e+01
4.262562562562563073e+01 -1.680371826171874972e+01
4.312612612612610974e+01 -1.579346435546874972e+01
4.362662662662663138e+01 -1.505152099609374972e+01
4.412712712712712460e+01 -1.464112060546874972e+01
4.462762762762763202e+01 -1.406934326171874972e+01
4.512812812812813945e+01 -1.384888427734374972e+01
4.562862862862860425e+01 -1.274146240234374972e+01
4.612912912912912589e+01 -1.154907958984374972e+01
4.662962962962961910e+01 -1.081885498046874972e+01
4.713013013013014074e+01 -9.929694824218749716e+00
4.763063063063063396e+01 -8.602302246093749716e+00
4.813113113113112718e+01 -8.297370605468749716e+00
4.863163163163164882e+01 -8.449470214843749716e+00
4.913213213213211361e+01 -8.269782714843749716e+00
4.963263263263263525e+01 -7.877692871093749716e+00
5.013313313313312847e+01 -7.163581542968749716e+00
5.063363363363365011e+01 -6.888679199218749716e+00
5.113413413413414332e+01 -6.537604980468749716e+00
5.163463463463463654e+01 -6.627448730468749716e+00
5.213513513513512976e+01 -6.337409667968749716e+00
5.263563563563562298e+01 -6.012946777343749716e+00
5.313613613613614461e+01 -5.517829589843749716e+00
5.363663663663663783e+01 -6.134284667968749716e+00
5.413713713713713105e+01 -6.521003417968749716e+00
5.463763763763765269e+01 -6.463142089843749716e+00
5.513813813813814591e+01 -6.340095214843749716e+00
5.563863863863863912e+01 -6.406501464843749716e+00
5.613913913913913234e+01 -6.611335449218749716e+00
5.663963963963962556e+01 -6.256110839843749716e+00
5.714014014014014720e+01 -6.246833496093749716e+00
5.764064064064064041e+01 -7.304938964843749716e+00
5.814114114114116205e+01 -7.616950683593749716e+00
5.864164164164165527e+01 -7.266608886718749716e+00
5.914214214214212006e+01 -7.846931152343749716e+00
5.964264264264264170e+01 -8.415290527343749716e+00
6.014314314314313492e+01 -8.694343261718749716e+00
6.064364364364365656e+01 -8.838630371093749716e+00
6.114414414414414978e+01 -1.006104248046874972e+01
6.164464464464464299e+01 -1.032324951171874972e+01
6.214514514514513621e+01 -1.095142333984374972e+01
6.264564564564562943e+01 -1.173853271484374972e+01
6.314614614614615107e+01 -1.141797607421874972e+01
6.364664664664664429e+01 -1.163452880859374972e+01
6.414714714714713750e+01 -1.203784912109374972e+01
6.464764764764765914e+01 -1.253980224609374972e+01
6.514814814814815236e+01 -1.344043701171874972e+01
6.564864864864864558e+01 -1.385791748046874972e+01
6.614914914914913879e+01 -1.369702880859374972e+01
6.664964964964966043e+01 -1.481787841796874972e+01
6.715015015015015365e+01 -1.425025146484374972e+01
6.765065065065064687e+01 -1.436865966796874972e+01
6.815115115115116851e+01 -1.517163818359374972e+01
6.865165165165166172e+01 -1.483496826171874972e+01
6.915215215215215494e+01 -1.577637451171874972e+01
6.965265265265264816e+01 -1.655567138671874972e+01
7.015315315315314137e+01 -1.730127685546874972e+01
7.065365365365366301e+01 -1.697022216796874972e+01
7.115415415415415623e+01 -1.766699951171874972e+01
7.165465465465467787e+01 -1.752808349609374972e+01
7.215515515515514267e+01 -1.836768310546874972e+01
7.265565565565563588e+01 -1.926880615234374972e+01
7.315615615615615752e+01 -1.934766357421874972e+01
7.365665665665665074e+01 -1.885767333984374972e+01
7.415715715715717238e+01 -1.917969482421874972e+01
7.465765765765766560e+01 -1.996167724609374972e+01
7.515815815815815881e+01 -2.034473388671874972e+01
7.565865865865865203e+01 -1.975879638671874972e+01
7.615915915915914525e+01 -2.042700927734374972e+01
7.665965965965966689e+01 -2.062598388671874972e+01
7.716016016016016010e+01 -2.130664794921874972e+01
7.766066066066065332e+01 -2.101807373046874972e+01
7.816116116116117496e+01 -2.179712646484374972e+01
7.866166166166166818e+01 -2.238965576171874972e+01
7.916216216216216139e+01 -2.250122802734374972e+01
7.966266266266265461e+01 -2.274658935546874972e+01
8.016316316316314783e+01 -2.198389404296874972e+01
8.066366366366366947e+01 -2.147510498046874972e+01
8.116416416416416268e+01 -2.215894287109374972e+01
8.166466466466468432e+01 -2.270166748046874972e+01
8.216516516516514912e+01 -2.261304443359374972e+01
8.266566566566567076e+01 -2.226856201171874972e+01
8.316616616616616398e+01 -2.172071044921874972e+01
8.366666666666665719e+01 -2.211182373046874972e+01
8.416716716716717883e+01 -2.218726318359374972e+01
8.466766766766767205e+01 -2.212866943359374972e+01
8.516816816816819369e+01 -2.171216552734374972e+01
8.566866866866865848e+01 -2.113184326171874972e+01
8.616916916916915170e+01 -2.210962646484374972e+01
8.666966966966967334e+01 -2.242798583984374972e+01
8.717017017017016656e+01 -2.211157958984374972e+01
8.767067067067068820e+01 -2.255664794921874972e+01
8.817117117117118141e+01 -2.258057373046874972e+01
8.867167167167167463e+01 -2.240039794921874972e+01
8.917217217217216785e+01 -2.289087646484374972e+01
8.967267267267266107e+01 -2.313989990234374972e+01
9.017317317317318270e+01 -2.292383544921874972e+01
9.067367367367367592e+01 -2.286304443359374972e+01
9.117417417417416914e+01 -2.290650146484374972e+01
9.167467467467469078e+01 -2.294190185546874972e+01
9.217517517517515557e+01 -2.337183349609374972e+01
9.267567567567567721e+01 -2.287940185546874972e+01
9.317617617617617043e+01 -2.310791748046874972e+01
9.367667667667666365e+01 -2.362110107421874972e+01
9.417717717717718529e+01 -2.386133544921874972e+01
9.467767767767767850e+01 -2.312061279296874972e+01
9.517817817817820014e+01 -2.242041748046874972e+01
9.567867867867866494e+01 -2.278247802734374972e+01
9.617917917917915815e+01 -2.211060302734374972e+01
9.667967967967967979e+01 -2.182373779296874972e+01
9.718018018018017301e+01 -2.199243896484374972e+01
9.768068068068069465e+01 -2.167798583984374972e+01
9.818118118118118787e+01 -2.149658935546874972e+01
9.868168168168168108e+01 -2.027466552734374972e+01
9.918218218218217430e+01 -2.021680419921874972e+01
9.968268268268266752e+01 -1.985572021484374972e+01
1.001831831831831892e+02 -1.993067138671874972e+01
1.006836836836836824e+02 -1.974341552734374972e+01
1.011841841841842040e+02 -1.974781005859374972e+01
1.016846846846846972e+02 -1.892407958984374972e+01
1.021851851851851620e+02 -1.904126708984374972e+01
1.026856856856856837e+02 -1.912232177734374972e+01
1.031861861861861769e+02 -1.893140380859374972e+01
1.036866866866866985e+02 -1.845069091796874972e+01
1.041871871871871917e+02 -1.848902099609374972e+01
1.046876876876876850e+02 -1.805982177734374972e+01
1.051881881881882066e+02 -1.785279052734374972e+01
1.056886886886886714e+02 -1.771997802734374972e+01
1.061891891891891930e+02 -1.649170654296874972e+01
1.066896896896896862e+02 -1.651563232421874972e+01
1.071901901901901795e+02 -1.629737060546874972e+01
1.076906906906907011e+02 -1.620777099609374972e+01
1.081911911911911943e+02 -1.624048583984374972e+01
1.086916916916916875e+02 -1.647608154296874972e+01
1.091921921921921808e+02 -1.635156982421874972e+01
1.096926926926926740e+02 -1.565943115234374972e+01
1.101931931931931956e+02 -1.555371826171874972e+01
1.106936936936936888e+02 -1.508252685546874972e+01
1.111941941941942105e+02 -1.437183349609374972e+01
1.116946946946947037e+02 -1.397705810546874972e+01
1.121951951951951685e+02 -1.432324951171874972e+01
1.126956956956956901e+02 -1.397486083984374972e+01
1.131961961961961833e+02 -1.340503662109374972e+01
1.136966966966967050e+02 -1.258447998046874972e+01
1.141971971971971982e+02 -1.245899169921874972e+01
1.146976976976977198e+02 -1.206153076171874972e+01
1.151981981981982130e+02 -1.232471435546874972e+01
1.156986986986986778e+02 -1.215357177734374972e+01
1.161991991991991995e+02 -1.149390380859374972e+01
1.166996996996996927e+02 -1.153076904296874972e+01
1.172002002002002143e+02 -1.107154052734374972e+01
1.177007007007007076e+02 -1.060474365234374972e+01
1.182012012012012008e+02 -1.078418701171874972e+01
1.187017017017016940e+02 -1.023291748046874972e+01
1.192022022022021872e+02 -9.443610839843749716e+00
1.197027027027027088e+02 -9.555671386718749716e+00
1.202032032032032021e+02 -9.707770996093749716e+00
1.207037037037036953e+02 -9.536384277343749716e+00
1.212042042042042169e+02 -9.005378417968749716e+00
1.217047047047047101e+02 -8.530769042968749716e+00
1.222052052052052034e+02 -8.563239746093749716e+00
1.227057057057056966e+02 -8.433356933593749716e+00
1.232062062062061898e+02 -7.246101074218749716e+00
1.237067067067067114e+02 -6.902595214843749716e+00
1.242072072072072046e+02 -6.840827636718749716e+00
1.247077077077077263e+02 -6.009284667968749716e+00
1.252082082082082195e+02 -6.514655761718749716e+00
1.257087087087086843e+02 -7.173347167968749716e+00
1.262092092092092059e+02 -6.805427246093749716e+00
1.267097097097096992e+02 -6.882087402343749716e+00
1.272102102102102208e+02 -5.825690917968749716e+00
1.277107107107107140e+02 -5.444099121093749716e+00
1.282112112112112356e+02 -5.879401855468749716e+00
1.287117117117117004e+02 -5.729255371093749716e+00
1.292122122122121937e+02 -4.957526855468749716e+00
1.297127127127127153e+02 -4.670417480468749716e+00
1.302132132132132085e+02 -4.474860839843749716e+00
1.307137137137137302e+02 -4.327888183593749716e+00
1.312142142142142234e+02 -4.245856933593749716e+00
1.317147147147147166e+02 -4.390388183593749716e+00
1.322152152152152098e+02 -4.559821777343749716e+00
1.327157157157157030e+02 -4.391364746093749716e+00
1.332162162162162247e+02 -4.534187011718749716e+00
1.337167167167167179e+02 -3.958747558593750160e+00
1.342172172172172111e+02 -3.419685058593750160e+00
1.347177177177177327e+02 -3.425056152343750160e+00
1.352182182182182260e+02 -3.152595214843750160e+00
1.357187187187187192e+02 -3.009040527343750160e+00
1.362192192192192124e+02 -2.683356933593750160e+00
1.367197197197197056e+02 -2.079597167968750160e+00
1.372202202202202272e+02 -2.459968261718750160e+00
1.377207207207207205e+02 -3.925300292968750160e+00
1.382212212212212421e+02 -3.334479980468750160e+00
1.387217217217217069e+02 -3.244636230468750160e+00
1.392222222222222001e+02 -3.398444824218750160e+00
1.397227227227227218e+02 -3.769050292968750160e+00
1.402232232232232150e+02 -3.241706542968750160e+00
1.407237237237237366e+02 -1.974860839843749938e+00
1.412242242242242298e+02 -1.432380371093749938e+00
1.417247247247247230e+02 -1.732185058593749938e+00
1.422252252252252163e+02 -1.464362792968749938e+00
1.427257257257257095e+02 -1.150153808593749938e+00
1.432262262262262311e+02 -9.382397460937499378e-01
1.437267267267267243e+02 -1.040046386718749938e+00
1.442272272272272460e+02 -8.984448242187499378e-01
1.447277277277277392e+02 -1.320319824218749938e+00
1.452282282282282324e+02 -9.289624023437499378e-01
1.457287287287287256e+02 -9.450756835937499378e-01
1.462292292292292188e+02 1.457519531250006661e-03
1.467297297297297405e+02 -2.380444335937499933e-01
1.472302302302302337e+02 2.360766601562500067e-01
1.477307307307307269e+02 4.343188476562500067e-01
1.482312312312312486e+02 -1.806713867187499933e-01
1.487317317317317134e+02 -7.569091796874999334e-02
1.492322322322322350e+02 8.745043945312500622e-01
1.497327327327327282e+02 1.167473144531250062e+00
1.502332332332332214e+02 1.346428222656250062e+00
1.507337337337337431e+02 1.345207519531250062e+00
1.512342342342342363e+02 8.923266601562500622e-01
1.517347347347347579e+02 1.565422363281250062e+00
1.522352352352352227e+02 1.415275878906250062e+00
1.527357357357357159e+02 1.469963378906250062e+00
1.532362362362362376e+02 4.570239257812500067e-01
1.537367367367367308e+02 3.666918945312500067e-01
1.542372372372372524e+02 6.235278320312500622e-01
1.547377377377377456e+02 1.214592285156250062e+00
1.552382382382382389e+02 1.664543457031250062e+00
1.557387387387387321e+02 1.161857910156250062e+00
1.562392392392392253e+02 1.417229003906250062e+00
1.567397397397397469e+02 2.044182128906249840e+00
1.572402402402402402e+02 2.072258300781249840e+00
1.577407407407407334e+02 1.404289550781250062e+00
1.582412412412412550e+02 1.392570800781250062e+00
1.587417417417417198e+02 1.385490722656250062e+00
1.592422422422422414e+02 1.551018066406250062e+00
1.597427427427427347e+02 1.887199707031250062e+00
1.602432432432432563e+02 2.256584472656249840e+00
1.607437437437437495e+02 2.379387207031249840e+00
1.612442442442442427e+02 1.996574707031250062e+00
1.617447447447447644e+02 1.738518066406250062e+00
1.622452452452452292e+02 1.887932128906250062e+00
1.627457457457457508e+02 1.898918457031250062e+00
1.632462462462462440e+02 1.593986816406250062e+00
1.637467467467467372e+02 2.295891113281249840e+00
1.642472472472472589e+02 2.238273925781249840e+00
1.647477477477477521e+02 2.324943847656249840e+00
1.652482482482482737e+02 1.938713378906250062e+00
1.657487487487487385e+02 1.956047363281250062e+00
1.662492492492492318e+02 2.279777832031249840e+00
1.667497497497497534e+02 2.205803222656249840e+00
1.672502502502502750e+02 2.194572753906249840e+00
1.677507507507507682e+02 2.060539550781249840e+00
1.682512512512512615e+02 1.295158691406250062e+00
1.687517517517517263e+02 1.894768066406250062e+00
1.692522522522522195e+02 2.407707519531249840e+00
1.697527527527527695e+02 2.335930175781249840e+00
1.702532532532532628e+02 1.354973144531250062e+00
1.707537537537537560e+02 1.231437988281250062e+00
1.712542542542542492e+02 1.767326660156250062e+00
1.717547547547547424e+02 1.506340332031250062e+00
1.722552552552552640e+02 1.404777832031250062e+00
1.727557557557557573e+02 1.622795410156250062e+00
1.732562562562562789e+02 1.199699707031250062e+00
1.737567567567567153e+02 1.945549316406250062e+00
1.742572572572572085e+02 1.738518066406250062e+00
1.747577577577577586e+02 1.780754394531250062e+00
1.752582582582582518e+02 1.870109863281250062e+00
1.757587587587587450e+02 1.732658691406250062e+00
1.762592592592592382e+02 1.515129394531250062e+00
1.767597597597597314e+02 1.509758300781250062e+00
1.772602602602602815e+02 9.081958007812500622e-01
1.777607607607607747e+02 6.979907226562500622e-01
1.782612612612612679e+02 1.144768066406250062e+00
1.787617617617617611e+02 1.312492675781250062e+00
1.792622622622622544e+02 2.052238769531249840e+00
1.797627627627628044e+02 2.373771972656249840e+00
1.802632632632632976e+02 2.170158691406249840e+00
1.807637637637637340e+02 1.149895019531250062e+00
1.812642642642642272e+02 1.068596191406250062e+00
1.817647647647647204e+02 8.083422851562500622e-01
1.822652652652652705e+02 1.010734863281250062e+00
1.827657657657657637e+02 8.159106445312500622e-01
1.832662662662662569e+02 5.358813476562500622e-01
1.837667667667667502e+02 6.638110351562500622e-01
1.842672672672673002e+02 1.097404785156250062e+00
1.847677677677677934e+02 1.536613769531250062e+00
1.852682682682682866e+02 8.337329101562500622e-01
1.857687687687687799e+02 3.134692382812500067e-01
1.862692692692692731e+02 1.303703613281250062e+00
1.867697697697698231e+02 1.261955566406250062e+00
1.872702702702702595e+02 1.104484863281250062e+00
1.877707707707707527e+02 8.693774414062500622e-01
1.882712712712712460e+02 1.773430175781250062e+00
1.887717717717717392e+02 1.933098144531250062e+00
1.892722722722722892e+02 1.590812988281250062e+00
1.897727727727727824e+02 1.949699707031250062e+00
1.902732732732732757e+02 1.720451660156250062e+00
1.907737737737737689e+02 2.195549316406249840e+00
1.912742742742742621e+02 2.741691894531249840e+00
1.917747747747748122e+02 3.287834472656249840e+00
1.922752752752753054e+02 3.340324707031249840e+00
1.927757757757757986e+02 3.150627441406249840e+00
1.932762762762762918e+02 2.972160644531249840e+00
1.937767767767767282e+02 2.762687988281249840e+00
1.942772772772772782e+02 3.114982910156249840e+00
1.947777777777777715e+02 3.399895019531249840e+00
1.952782782782782647e+02 3.350822753906249840e+00
1.957787787787787579e+02 2.910881347656249840e+00
1.962792792792792511e+02 2.905998535156249840e+00
1.967797797797798012e+02 2.702629394531249840e+00
1.972802802802802944e+02 2.288566894531249840e+00
1.977807807807807876e+02 2.606437988281249840e+00
1.982812812812812808e+02 3.774895019531249840e+00
1.987817817817817740e+02 3.993889160156249840e+00
1.992822822822823241e+02 3.449455566406249840e+00
1.997827827827828173e+02 3.633293457031249840e+00
2.002832832832833105e+02 3.619865722656249840e+00
2.007837837837837469e+02 4.060295410156250284e+00
2.012842842842842401e+02 3.642082519531249840e+00
2.017847847847847902e+02 3.164055175781249840e+00
2.022852852852852834e+02 3.814689941406249840e+00
2.027857857857857766e+02 4.237541503906250284e+00
2.032862862862862698e+02 4.045891113281250284e+00
2.037867867867867631e+02 3.893791503906249840e+00
2.042872872872873131e+02 3.627678222656249840e+00
2.047877877877878063e+02 3.666496582031249840e+00
2.052882882882882996e+02 3.597648925781249840e+00
2.057887887887887928e+02 3.255852050781249840e+00
2.062892892892892860e+02 3.256096191406249840e+00
2.067897897897898360e+02 3.111320800781249840e+00
2.072902902902902724e+02 3.491447753906249840e+00
2.077907907907907656e+02 3.886711425781249840e+00
2.082912912912912589e+02 3.544670410156249840e+00
2.087917917917917521e+02 3.575432128906249840e+00
2.092922922922923021e+02 4.147697753906250284e+00
2.097927927927927954e+02 4.536857910156250284e+00
2.102932932932932886e+02 4.774895019531250284e+00
2.107937937937937818e+02 4.510734863281250284e+00
2.112942942942942750e+02 4.339592285156250284e+00
2.117947947947948251e+02 4.402336425781250284e+00
2.122952952952953183e+02 4.566643066406250284e+00
2.127957957957958115e+02 4.598869628906250284e+00
2.132962962962963047e+02 5.172600097656250284e+00
2.137967967967967411e+02 5.320305175781250284e+00
2.142972972972972912e+02 5.128166503906250284e+00
2.147977977977977844e+02 5.578605957031250284e+00
2.152982982982982776e+02 5.238029785156250284e+00
2.157987987987987708e+02 5.204094238281250284e+00
2.162992992992993209e+02 5.502922363281250284e+00
2.167997997997998141e+02 5.684807128906250284e+00
2.173003003003003073e+02 5.980705566406250284e+00
2.178008008008008005e+02 5.393059082031250284e+00
2.183013013013012937e+02 4.481682128906250284e+00
2.188018018018018438e+02 5.106682128906250284e+00
2.193023023023023370e+02 6.223869628906250284e+00
2.198028028028028302e+02 6.151115722656250284e+00
2.203033033033033234e+02 5.230217285156250284e+00
2.208038038038037598e+02 5.864006347656250284e+00
2.213043043043043099e+02 5.812004394531250284e+00
2.218048048048048031e+02 6.033684082031250284e+00
2.223053053053052963e+02 6.151115722656250284e+00
2.228058058058057895e+02 6.578850097656250284e+00
2.233063063063062827e+02 6.772453613281250284e+00
2.238068068068068328e+02 6.705314941406250284e+00
2.243073073073073260e+02 6.553947753906250284e+00
2.248078078078078192e+02 6.439201660156250284e+00
2.253083083083083125e+02 6.016594238281250284e+00
2.258088088088088057e+02 5.994133300781250284e+00
2.263093093093093557e+02 6.616691894531250284e+00
2.268098098098098490e+02 6.366936035156250284e+00
2.273103103103102853e+02 6.124260253906250284e+00
2.278108108108107785e+02 6.288811035156250284e+00
2.283113113113112718e+02 5.873283691406250284e+00
2.288118118118118218e+02 6.038566894531250284e+00
2.293123123123123150e+02 6.534172363281250284e+00
2.298128128128128083e+02 6.800773925781250284e+00
2.303133133133133015e+02 5.988518066406250284e+00
2.308138138138137947e+02 6.150383300781250284e+00
2.313143143143143448e+02 6.336418457031250284e+00
2.318148148148148380e+02 6.434074707031250284e+00
2.323153153153153312e+02 6.934807128906250284e+00
2.328158158158158244e+02 7.181145019531250284e+00
2.333163163163163176e+02 6.530998535156250284e+00
2.338168168168168108e+02 6.662834472656250284e+00
2.343173173173173041e+02 6.613518066406250284e+00
2.348178178178177973e+02 6.600578613281250284e+00
2.353183183183182905e+02 6.749260253906250284e+00
2.358188188188187837e+02 7.426018066406250284e+00
2.363193193193193338e+02 8.142814941406250284e+00
2.368198198198198270e+02 7.154533691406250284e+00
2.373203203203203202e+02 7.340568847656250284e+00
2.378208208208208134e+02 7.142570800781250284e+00
2.383213213213213066e+02 7.465812988281250284e+00
2.388218218218218567e+02 7.566398925781250284e+00
2.393223223223223499e+02 7.532219238281250284e+00
2.398228228228228431e+02 7.564934082031250284e+00
2.403233233233233364e+02 7.276604003906250284e+00
2.408238238238237727e+02 7.998283691406250284e+00
2.413243243243243228e+02 7.682609863281250284e+00
2.418248248248248160e+02 8.004631347656250284e+00
2.423253253253253092e+02 7.666984863281250284e+00
2.428258258258258024e+02 7.734123535156250284e+00
2.433263263263262957e+02 7.646721191406250284e+00
2.438268268268268457e+02 7.594475097656250284e+00
2.443273273273273389e+02 7.546379394531250284e+00
2.448278278278278322e+02 7.488518066406250284e+00
2.453283283283283254e+02 7.224846191406250284e+00
2.458288288288288754e+02 7.535393066406250284e+00
2.463293293293293686e+02 7.426750488281250284e+00
2.468298298298298619e+02 7.434562988281250284e+00
2.473303303303302982e+02 7.903801269531250284e+00
2.478308308308307915e+02 7.913078613281250284e+00
2.483313313313313415e+02 7.557854003906250284e+00
2.488318318318318347e+02 7.581047363281250284e+00
2.493323323323323280e+02 7.869377441406250284e+00
2.498328328328328212e+02 8.689934082031250284e+00
2.503333333333333144e+02 8.868889160156250284e+00
2.508338338338338644e+02 8.222160644531250284e+00
2.513343343343343577e+02 7.454826660156250284e+00
2.518348348348348509e+02 6.934318847656250284e+00
2.523353353353353441e+02 7.075676269531250284e+00
2.528358358358358373e+02 7.328605957031250284e+00
2.533363363363363874e+02 7.379875488281250284e+00
2.538368368368368237e+02 7.548576660156250284e+00
2.543373373373373170e+02 7.859123535156250284e+00
2.548378378378378102e+02 8.044182128906250284e+00
2.553383383383383034e+02 7.384270019531250284e+00
2.558388388388388535e+02 6.351311035156250284e+00
2.563393393393393467e+02 6.606193847656250284e+00
2.568398398398398399e+02 7.130119628906250284e+00
2.573403403403403331e+02 7.091789550781250284e+00
2.578408408408408263e+02 7.093498535156250284e+00
2.583413413413413764e+02 7.247795410156250284e+00
2.588418418418418696e+02 6.888908691406250284e+00
2.593423423423423628e+02 6.140129394531250284e+00
2.598428428428428560e+02 6.200676269531250284e+00
2.603433433433433493e+02 6.591789550781250284e+00
2.608438438438438425e+02 6.973625488281250284e+00
2.613443443443443357e+02 7.248527832031250284e+00
2.618448448448448289e+02 6.945061035156250284e+00
2.623453453453453221e+02 6.871818847656250284e+00
2.628458458458458153e+02 6.653801269531250284e+00
2.633463463463463654e+02 7.083977050781250284e+00
2.638468468468468586e+02 6.993400878906250284e+00
2.643473473473473518e+02 6.701408691406250284e+00
2.648478478478478451e+02 6.786125488281250284e+00
2.653483483483483383e+02 6.729240722656250284e+00
2.658488488488488883e+02 7.211418457031250284e+00
2.663493493493493816e+02 7.636223144531250284e+00
2.668498498498498748e+02 6.951652832031250284e+00
2.673503503503503111e+02 6.373283691406250284e+00
2.678508508508508044e+02 6.244865722656250284e+00
2.683513513513513544e+02 6.095939941406250284e+00
2.688518518518518476e+02 6.420646972656250284e+00
2.693523523523523409e+02 7.041740722656250284e+00
2.698528528528528341e+02 7.374016113281250284e+00
2.703533533533533273e+02 6.865959472656250284e+00
2.708538538538538774e+02 6.660881347656250284e+00
2.713543543543543706e+02 6.530266113281250284e+00
2.718548548548548638e+02 6.381096191406250284e+00
2.723553553553553570e+02 6.840080566406250284e+00
2.728558558558558502e+02 6.330070800781250284e+00
2.733563563563564003e+02 6.634514160156250284e+00
2.738568568568568367e+02 7.844475097656250284e+00
2.743573573573573299e+02 7.925041503906250284e+00
2.748578578578578231e+02 6.938957519531250284e+00
2.753583583583583163e+02 6.480461425781250284e+00
2.758588588588588664e+02 6.479973144531250284e+00
2.763593593593593596e+02 6.912834472656250284e+00
2.768598598598598528e+02 7.277336425781250284e+00
2.773603603603603460e+02 7.511711425781250284e+00
2.778608608608608961e+02 7.191398925781250284e+00
2.783613613613613893e+02 7.526359863281250284e+00
2.788618618618618825e+02 7.279533691406250284e+00
2.793623623623623757e+02 6.925529785156250284e+00
2.798628628628628690e+02 7.185295410156250284e+00
2.803633633633633622e+02 7.244865722656250284e+00
2.808638638638638554e+02 6.713859863281250284e+00
2.813643643643643486e+02 6.575676269531250284e+00
2.818648648648648418e+02 6.876457519531250284e+00
2.823653653653653350e+02 6.572502441406250284e+00
2.828658658658658851e+02 6.478020019531250284e+00
2.833663663663663783e+02 7.269768066406250284e+00
2.838668668668668715e+02 6.438713378906250284e+00
2.843673673673673647e+02 5.908195800781250284e+00
2.848678678678678580e+02 5.745598144531250284e+00
2.853683683683684080e+02 5.299797363281250284e+00
2.858688688688689012e+02 5.608391113281250284e+00
2.863693693693693945e+02 4.951896972656250284e+00
2.868698698698698877e+02 5.791740722656250284e+00
2.873703703703703241e+02 6.760979003906250284e+00
2.878708708708708741e+02 6.558342285156250284e+00
2.883713713713713673e+02 6.285148925781250284e+00
2.888718718718718605e+02 6.084709472656250284e+00
2.893723723723723538e+02 6.030510253906250284e+00
2.898728728728728470e+02 5.830314941406250284e+00
2.903733733733733970e+02 5.916008300781250284e+00
2.908738738738738903e+02 5.730217285156250284e+00
2.913743743743743835e+02 6.132561035156250284e+00
2.918748748748748767e+02 6.143303222656250284e+00
2.923753753753753699e+02 5.724357910156250284e+00
2.928758758758759200e+02 5.686027832031250284e+00
2.933763763763764132e+02 6.319084472656250284e+00
2.938768768768768496e+02 6.228752441406250284e+00
2.943773773773773428e+02 6.383781738281250284e+00
2.948778778778778360e+02 6.534172363281250284e+00
2.953783783783783861e+02 6.726311035156250284e+00
2.958788788788788793e+02 6.935295410156250284e+00
2.963793793793793725e+02 6.546379394531250284e+00
2.968798798798798657e+02 5.855949707031250284e+00
2.973803803803803589e+02 5.270256347656250284e+00
2.978808808808809090e+02 5.184562988281250284e+00
2.983813813813814022e+02 5.766105957031250284e+00
2.988818818818818954e+02 5.654533691406250284e+00
2.993823823823823886e+02 5.331779785156250284e+00
2.998828828828828819e+02 5.721428222656250284e+00
3.003833833833833751e+02 5.773918457031250284e+00
3.008838838838838683e+02 5.676750488281250284e+00
3.013843843843843615e+02 5.689689941406250284e+00
3.018848848848848547e+02 5.174309082031250284e+00
3.023853853853853479e+02 4.989250488281250284e+00
3.028858858858858980e+02 4.748771972656250284e+00
3.033863863863863912e+02 4.601066894531250284e+00
3.038868868868868844e+02 4.995842285156250284e+00
3.043873873873873777e+02 4.205803222656250284e+00
3.048878878878878709e+02 3.905510253906249840e+00
3.053883883883884209e+02 4.276604003906250284e+00
3.058888888888889142e+02 3.843254394531249840e+00
3.063893893893894074e+02 4.059074707031250284e+00
3.068898898898899006e+02 4.408684082031250284e+00
3.073903903903903370e+02 3.836418457031249840e+00
3.078908908908908870e+02 3.825676269531249840e+00
3.083913913913913802e+02 3.487541503906249840e+00
3.088918918918918735e+02 3.987541503906249840e+00
3.093923923923923667e+02 4.274650878906250284e+00
3.098928928928929167e+02 3.738029785156249840e+00
3.103933933933934100e+02 3.119621582031249840e+00
3.108938938938939032e+02 3.584953613281249840e+00
3.113943943943943964e+02 4.305656738281250284e+00
3.118948948948948896e+02 4.865959472656250284e+00
3.123953953953954397e+02 4.478752441406250284e+00
3.128958958958959329e+02 4.145744628906250284e+00
3.133963963963964261e+02 3.240227050781249840e+00
3.138968968968968625e+02 4.003166503906250284e+00
3.143973973973973557e+02 4.318352050781250284e+00
3.148978978978979058e+02 3.720695800781249840e+00
3.153983983983983990e+02 3.358879394531249840e+00
3.158988988988988922e+02 3.637687988281249840e+00
3.163993993993993854e+02 4.002434082031250284e+00
3.168998998998998786e+02 4.319572753906250284e+00
3.174004004004004287e+02 3.832512207031249840e+00
3.179009009009009219e+02 3.914055175781249840e+00
3.184014014014014151e+02 4.114250488281250284e+00
3.189019019019019083e+02 4.212883300781250284e+00
3.194024024024024015e+02 3.842277832031249840e+00
3.199029029029029516e+02 3.257072753906249840e+00
3.204034034034033880e+02 3.373039550781249840e+00
3.209039039039038812e+02 3.192131347656249840e+00
3.214044044044043744e+02 3.348381347656249840e+00
3.219049049049048676e+02 3.164055175781249840e+00
3.224054054054054177e+02 3.285881347656249840e+00
3.229059059059059109e+02 2.939201660156249840e+00
3.234064064064064041e+02 3.438225097656249840e+00
3.239069069069068973e+02 3.245598144531249840e+00
3.244074074074073906e+02 3.345451660156249840e+00
3.249079079079079406e+02 2.843986816406249840e+00
3.254084084084084338e+02 2.391838378906249840e+00
3.259089089089089271e+02 2.408439941406249840e+00
3.264094094094094203e+02 2.240959472656249840e+00
3.269099099099099135e+02 2.653801269531249840e+00
3.274104104104104067e+02 3.665031738281249840e+00
3.279109109109108999e+02 2.992668457031249840e+00
3.284114114114113931e+02 2.856682128906249840e+00
3.289119119119118864e+02 1.958488769531250062e+00
3.294124124124123796e+02 1.614250488281250062e+00
3.299129129129129296e+02 2.390373535156249840e+00
3.304134134134134229e+02 3.429191894531249840e+00
3.309139139139139161e+02 3.739006347656249840e+00
3.314144144144144093e+02 4.010002441406250284e+00
3.319149149149149025e+02 4.211418457031250284e+00
3.324154154154154526e+02 3.934807128906249840e+00
3.329159159159159458e+02 3.179680175781249840e+00
3.334164164164164390e+02 3.870842285156249840e+00
3.339169169169168754e+02 3.919182128906249840e+00
3.344174174174173686e+02 3.962395019531249840e+00
3.349179179179179187e+02 3.481437988281249840e+00
3.354184184184184119e+02 3.419182128906249840e+00
3.359189189189189051e+02 3.018547363281249840e+00
3.364194194194193983e+02 3.029533691406249840e+00
3.369199199199198915e+02 3.169670410156249840e+00
3.374204204204204416e+02 3.928947753906249840e+00
3.379209209209209348e+02 3.664055175781249840e+00
3.384214214214214280e+02 3.818107910156249840e+00
3.389219219219219212e+02 3.083977050781249840e+00
3.394224224224224713e+02 3.126701660156249840e+00
3.399229229229229645e+02 3.469719238281249840e+00
3.404234234234234009e+02 3.506828613281249840e+00
3.409239239239238941e+02 3.385979003906249840e+00
3.414244244244243873e+02 3.315666503906249840e+00
3.419249249249249374e+02 3.499504394531249840e+00
3.424254254254254306e+02 3.272697753906249840e+00
3.429259259259259238e+02 2.966545410156249840e+00
3.434264264264264170e+02 3.487541503906249840e+00
3.439269269269269103e+02 3.297844238281249840e+00
3.444274274274274603e+02 3.766594238281249840e+00
3.449279279279279535e+02 3.499748535156249840e+00
3.454284284284284468e+02 3.193107910156249840e+00
3.459289289289289400e+02 3.135979003906249840e+00
3.464294294294294332e+02 2.968010253906249840e+00
3.469299299299299264e+02 2.544426269531249840e+00
3.474304304304304196e+02 2.448234863281249840e+00
3.479309309309309128e+02 3.395500488281249840e+00
3.484314314314314061e+02 3.475822753906249840e+00
3.489319319319318993e+02 2.791984863281249840e+00
3.494324324324324493e+02 2.466545410156249840e+00
3.499329329329329425e+02 2.853020019531249840e+00
3.504334334334334358e+02 3.348869628906249840e+00
3.509339339339339290e+02 3.187980957031249840e+00
3.514344344344344222e+02 2.877678222656249840e+00
3.519349349349349723e+02 2.781486816406249840e+00
3.524354354354354655e+02 3.192375488281249840e+00
3.529359359359359587e+02 3.938469238281249840e+00
3.534364364364364519e+02 3.379143066406249840e+00
3.539369369369368883e+02 3.839104003906249840e+00
3.544374374374374383e+02 3.509514160156249840e+00
3.549379379379379316e+02 2.785148925781249840e+00
3.554384384384384248e+02 2.652336425781249840e+00
3.559389389389389180e+02 2.856193847656249840e+00
3.564394394394394112e+02 2.916008300781249840e+00
3.569399399399399613e+02 3.300285644531249840e+00
3.574404404404404545e+02 2.675529785156249840e+00
3.579409409409409477e+02 2.395012207031249840e+00
3.584414414414414409e+02 2.255119628906249840e+00
3.589419419419419341e+02 1.898186035156250062e+00
3.594424424424424842e+02 1.766838378906250062e+00
3.599429429429429774e+02 1.924797363281250062e+00
3.604434434434434138e+02 2.501701660156249840e+00
3.609439439439439070e+02 2.705314941406249840e+00
3.614444444444444002e+02 2.760246582031249840e+00
3.619449449449449503e+02 2.549309082031249840e+00
3.624454454454454435e+02 2.315666503906249840e+00
3.629459459459459367e+02 2.875969238281249840e+00
3.634464464464464299e+02 3.149162597656249840e+00
3.639469469469469232e+02 3.014152832031249840e+00
3.644474474474474732e+02 3.066154785156249840e+00
3.649479479479479664e+02 3.660881347656249840e+00
3.654484484484484597e+02 3.982658691406249840e+00
3.659489489489489529e+02 4.034172363281250284e+00
3.664494494494494461e+02 3.840568847656249840e+00
3.669499499499499962e+02 3.369865722656249840e+00
3.674504504504504325e+02 3.920891113281249840e+00
3.679509509509509257e+02 4.343742675781250284e+00
3.684514514514514190e+02 3.764396972656249840e+00
3.689519519519519122e+02 3.827873535156249840e+00
3.694524524524524622e+02 3.716545410156249840e+00
3.699529529529529555e+02 3.285881347656249840e+00
3.704534534534534487e+02 3.340568847656249840e+00
3.709539539539539419e+02 3.651359863281249840e+00
3.714544544544544920e+02 3.408195800781249840e+00
3.719549549549549852e+02 3.275139160156249840e+00
3.724554554554554784e+02 3.476555175781249840e+00
3.729559559559559716e+02 3.017082519531249840e+00
3.734564564564564648e+02 3.016350097656249840e+00
3.739569569569569580e+02 2.966545410156249840e+00
3.744574574574574513e+02 2.941643066406249840e+00
3.749579579579579445e+02 3.540275878906249840e+00
3.754584584584584377e+02 3.082756347656249840e+00
3.759589589589589309e+02 2.647941894531249840e+00
3.764594594594594810e+02 3.103020019531249840e+00
3.769599599599599742e+02 3.422600097656249840e+00
3.774604604604604674e+02 3.051018066406249840e+00
3.779609609609609606e+02 2.636711425781249840e+00
3.784614614614614538e+02 2.709221191406249840e+00
3.789619619619620039e+02 3.273674316406249840e+00
3.794624624624624971e+02 4.071281738281250284e+00
3.799629629629629903e+02 3.400871582031249840e+00
3.804634634634634267e+02 2.763420410156249840e+00
3.809639639639639199e+02 3.006340332031249840e+00
3.814644644644644700e+02 3.223381347656249840e+00
3.819649649649649632e+02 2.895256347656249840e+00
3.824654654654654564e+02 3.389885253906249840e+00
3.829659659659659496e+02 3.275627441406249840e+00
3.834664664664664429e+02 3.315178222656249840e+00
3.839669669669669929e+02 3.042961425781249840e+00
3.844674674674674861e+02 3.365715332031249840e+00
3.849679679679679793e+02 3.336906738281249840e+00
3.854684684684684726e+02 3.133293457031249840e+00
3.859689689689689658e+02 3.561271972656249840e+00
3.864694694694695158e+02 3.530266113281249840e+00
3.869699699699699522e+02 3.231926269531249840e+00
3.874704704704704454e+02 2.459953613281249840e+00
3.879709709709709387e+02 2.099113769531249840e+00
3.884714714714714319e+02 2.828605957031249840e+00
3.889719719719719819e+02 2.987297363281249840e+00
3.894724724724724751e+02 3.673088378906249840e+00
3.899729729729729684e+02 3.093986816406249840e+00
3.904734734734734616e+02 2.688957519531249840e+00
3.909739739739739548e+02 3.221916503906249840e+00
3.914744744744745049e+02 2.497307128906249840e+00
3.919749749749749981e+02 2.518303222656249840e+00
3.924754754754754913e+02 2.950676269531249840e+00
3.929759759759759845e+02 2.981682128906249840e+00
3.934764764764764777e+02 2.319328613281249840e+00
3.939769769769769709e+02 2.305656738281249840e+00
3.944774774774774642e+02 2.298820800781249840e+00
3.949779779779779574e+02 2.240227050781249840e+00
3.954784784784784506e+02 2.864738769531249840e+00
3.959789789789789438e+02 1.738518066406250062e+00
3.964794794794794939e+02 1.475822753906250062e+00
3.969799799799799871e+02 1.436027832031250062e+00
3.974804804804804803e+02 1.562004394531250062e+00
3.979809809809809735e+02 1.722404785156250062e+00
3.984814814814814667e+02 2.062980957031249840e+00
3.989819819819820168e+02 2.191398925781249840e+00
3.994824824824825100e+02 2.236809082031249840e+00
3.999829829829830032e+02 2.386223144531249840e+00
4.004834834834834396e+02 1.925285644531250062e+00
4.009839839839839328e+02 1.922600097656250062e+00
4.014844844844844829e+02 2.109855957031249840e+00
4.019849849849849761e+02 1.985832519531250062e+00
4.024854854854854693e+02 2.207023925781249840e+00
4.029859859859859625e+02 2.229729003906249840e+00
4.034864864864865126e+02 1.814934082031250062e+00
4.039869869869870058e+02 1.224602050781250062e+00
4.044874874874874990e+02 1.700676269531250062e+00
4.049879879879879923e+02 1.680656738281250062e+00
4.054884884884884855e+02 1.657463378906250062e+00
4.059889889889890355e+02 1.689445800781250062e+00
4.064894894894895288e+02 1.627189941406250062e+00
4.069899899899900220e+02 1.440178222656250062e+00
4.074904904904904583e+02 1.850090332031250062e+00
4.079909909909909516e+02 2.076408691406249840e+00
4.084914914914915016e+02 1.672600097656250062e+00
4.089919919919919948e+02 1.106682128906250062e+00
4.094924924924924881e+02 7.058032226562500622e-01
4.099929929929929813e+02 6.550219726562500622e-01
4.104934934934934745e+02 1.293937988281250062e+00
4.109939939939940245e+02 1.123527832031250062e+00
4.114944944944945178e+02 1.245354003906250062e+00
4.119949949949950110e+02 4.289477539062500067e-01
4.124954954954955042e+02 1.192131347656250062e+00
4.129959959959959974e+02 2.419182128906249840e+00
4.134964964964965475e+02 2.247307128906249840e+00
4.139969969969969839e+02 2.223869628906249840e+00
4.144974974974974771e+02 2.457756347656249840e+00
4.149979979979979703e+02 2.439201660156249840e+00
4.154984984984984635e+02 2.557609863281249840e+00
4.159989989989990136e+02 2.428703613281249840e+00
4.164994994994995068e+02 1.726555175781250062e+00
4.170000000000000000e+02 1.425529785156250062e+00
