time_ms csd_trace16
-8.300000000000000000e+01 1.025642089843749716e+00
-8.249949949949950678e+01 1.071052246093749716e+00
-8.199899899899899935e+01 8.696362304687497158e-01
-8.149849849849849193e+01 1.067878417968749716e+00
-8.099799799799799871e+01 7.324291992187497158e-01
-8.049749749749750549e+01 9.223706054687497158e-01
-7.999699699699699806e+01 4.716870117187497158e-01
-7.949649649649649064e+01 4.240795898437497158e-01
-7.899599599599599742e+01 6.259838867187497158e-01
-7.849549549549550420e+01 3.298413085937497158e-01
-7.799499499499499677e+01 1.129157714843749716e+00
-7.749449449449448935e+01 5.073315429687497158e-01
-7.699399399399399613e+01 8.945385742187497158e-01
-7.649349349349350291e+01 4.489819335937497158e-01
-7.599299299299299548e+01 1.061774902343749716e+00
-7.549249249249248805e+01 1.321296386718749716e+00
-7.499199199199199484e+01 1.067878417968749716e+00
-7.449149149149148741e+01 8.037182617187497158e-01
-7.399099099099099419e+01 1.249274902343749716e+00
-7.349049049049048676e+01 1.837897949218749716e+00
-7.298998998998999355e+01 1.463874511718749716e+00
-7.248948948948948612e+01 6.106030273437497158e-01
-7.198898898898899290e+01 4.201733398437497158e-01
-7.148848848848848547e+01 5.000073242187497158e-01
-7.098798798798799226e+01 5.054443359374971578e-02
-7.048748748748748483e+01 -4.930908203125028422e-02
-6.998698698698697740e+01 3.991772460937497158e-01
-6.948648648648648418e+01 5.908935546874971578e-02
-6.898598598598599096e+01 -8.884204101562502842e-01
-6.848548548548548354e+01 -6.184008789062502842e-01
-6.798498498498497611e+01 -1.415283203125028422e-02
-6.748448448448448289e+01 -3.918383789062502842e-01
-6.698398398398398967e+01 -1.977465820312502842e-01
-6.648348348348348225e+01 -3.447192382812502842e-01
-6.598298298298297482e+01 -3.413012695312502842e-01
-6.548248248248248160e+01 -3.203051757812502842e-01
-6.498198198198198838e+01 3.335034179687497158e-01
-6.448148148148148096e+01 5.371826171874971578e-02
-6.398098098098098063e+01 -1.283439941406250284e+00
-6.348048048048048031e+01 -9.804614257812502842e-01
-6.297997997997997999e+01 -4.738696289062502842e-01
-6.247947947947947966e+01 3.532788085937497158e-01
-6.197897897897897224e+01 -6.677172851562502842e-01
-6.147847847847847902e+01 -5.580981445312502842e-01
-6.097797797797797870e+01 -8.893969726562502842e-01
-6.047747747747747837e+01 -1.023918457031250284e+00
-5.997697697697697095e+01 -8.344653320312502842e-01
-5.947647647647647773e+01 -9.870532226562502842e-01
-5.897597597597597741e+01 -1.229729003906250284e+00
-5.847547547547547708e+01 -1.331047363281250284e+00
-5.797497497497496965e+01 -9.277270507812502842e-01
-5.747447447447447644e+01 -6.813891601562502842e-01
-5.697397397397396901e+01 1.875073242187497158e-01
-5.647347347347347579e+01 -1.306079101562502842e-01
-5.597297297297296836e+01 -8.549731445312502842e-01
-5.547247247247247515e+01 -6.159594726562502842e-01
-5.497197197197196772e+01 -7.416918945312502842e-01
-5.447147147147147450e+01 -9.125903320312502842e-01
-5.397097097097096707e+01 -6.037524414062502842e-01
-5.347047047047047386e+01 -5.383227539062502842e-01
-5.296996996996996643e+01 -5.480883789062502842e-01
-5.246946946946947321e+01 -4.320556640625028422e-02
-5.196896896896896578e+01 2.165600585937497158e-01
-5.146846846846847257e+01 -1.623461914062502842e-01
-5.096796796796796514e+01 -4.487231445312502842e-01
-5.046746746746746481e+01 -9.973071289062502842e-01
-4.996696696696697160e+01 -8.957446289062502842e-01
-4.946646646646646417e+01 -3.343994140625028422e-02
-4.896596596596596385e+01 1.535717773437497158e-01
-4.846546546546546352e+01 -1.373283691406250284e+00
-4.796496496496496320e+01 -2.388420410156250284e+00
-4.746446446446446998e+01 -2.477531738281250284e+00
-4.696396396396396256e+01 -1.517082519531250284e+00
-4.646346346346346223e+01 -2.126945800781250284e+00
-4.596296296296296191e+01 -2.214592285156250284e+00
-4.546246246246246159e+01 -1.179680175781250284e+00
-4.496196196196196126e+01 -3.286059570312502842e-01
-4.446146146146146094e+01 3.467529296874971578e-02
-4.396096096096096062e+01 -9.423095703125028422e-02
-4.346046046046046030e+01 -4.721606445312502842e-01
-4.295995995995995997e+01 -4.067309570312502842e-01
-4.245945945945945965e+01 -4.235766601562502842e-01
-4.195895895895895933e+01 -1.055900878906250284e+00
-4.145845845845845901e+01 -5.981372070312502842e-01
-4.095795795795795158e+01 5.007397460937497158e-01
-4.045745745745745836e+01 3.413159179687497158e-01
-3.995695695695695804e+01 5.354077148437497158e-01
-3.945645645645645772e+01 1.074226074218749716e+00
-3.895595595595595739e+01 1.228100585937497158e-01
-3.845545545545544996e+01 5.822827148437497158e-01
-3.795495495495495675e+01 9.719311523437497158e-01
-3.745445445445445642e+01 1.306892089843749716e+00
-3.695395395395394900e+01 1.538581542968749716e+00
-3.645345345345345578e+01 1.868415527343749716e+00
-3.595295295295294835e+01 1.849616699218749716e+00
-3.545245245245245513e+01 8.964916992187497158e-01
-3.495195195195195481e+01 7.158276367187497158e-01
-3.445145145145144738e+01 1.108161621093749716e+00
-3.395095095095095417e+01 1.289802246093749716e+00
-3.345045045045044674e+01 1.816901855468749716e+00
-3.294994994994994642e+01 1.726813964843749716e+00
-3.244944944944945320e+01 2.267341308593749716e+00
-3.194894894894894577e+01 2.036872558593749716e+00
-3.144844844844845255e+01 1.487312011718749716e+00
-3.094794794794794512e+01 1.711188964843749716e+00
-3.044744744744744480e+01 1.039313964843749716e+00
-2.994694694694695158e+01 7.946850585937497158e-01
-2.944644644644644416e+01 7.937084960937497158e-01
-2.894594594594594383e+01 1.892341308593749716e+00
-2.844544544544544351e+01 2.277595214843749716e+00
-2.794494494494494319e+01 7.102124023437497158e-01
-2.744444444444444997e+01 2.761303710937497158e-01
-2.694394394394394254e+01 1.537849121093749716e+00
-2.644344344344344222e+01 1.757331542968749716e+00
-2.594294294294294190e+01 1.799079589843749716e+00
-2.544244244244244157e+01 8.337475585937497158e-01
-2.494194194194194125e+01 1.870124511718749716e+00
-2.444144144144144093e+01 2.358161621093749716e+00
-2.394094094094094061e+01 1.947517089843749716e+00
-2.344044044044044028e+01 2.002937011718749716e+00
-2.293993993993993996e+01 2.677253417968749716e+00
-2.243943943943943964e+01 2.758063964843749716e+00
-2.193893893893893932e+01 2.850593261718749716e+00
-2.143843843843843899e+01 2.828376464843749716e+00
-2.093793793793793157e+01 2.684577636718749716e+00
-2.043743743743743124e+01 2.346687011718749716e+00
-1.993693693693694513e+01 2.248298339843749716e+00
-1.943643643643643770e+01 2.947761230468749716e+00
-1.893593593593593027e+01 3.011237792968749716e+00
-1.843543543543543706e+01 2.697272949218749716e+00
-1.793493493493492963e+01 2.969245605468749716e+00
-1.743443443443443641e+01 3.635749511718749716e+00
-1.693393393393394319e+01 3.941169433593749716e+00
-1.643343343343343577e+01 3.651618652343749716e+00
-1.593293293293292834e+01 2.842048339843749716e+00
-1.543243243243243512e+01 2.329353027343749716e+00
-1.493193193193192769e+01 2.630378417968749716e+00
-1.443143143143143448e+01 2.815681152343749716e+00
-1.393093093093092705e+01 2.311530761718749716e+00
-1.343043043043043383e+01 1.734382324218749716e+00
-1.292992992992992640e+01 1.850837402343749716e+00
-1.242942942942941897e+01 2.791022949218749716e+00
-1.192892892892893997e+01 2.560798339843749716e+00
-1.142842842842843254e+01 2.478767089843749716e+00
-1.092792792792792511e+01 2.567878417968749716e+00
-1.042742742742743189e+01 2.860358886718749716e+00
-9.926926926926924466e+00 2.259772949218749716e+00
-9.426426426426431249e+00 2.201911621093749716e+00
-8.925925925925923821e+00 2.072272949218749716e+00
-8.425425425425430603e+00 2.464118652343749716e+00
-7.924924924924923175e+00 2.412360839843749716e+00
-7.424424424424415747e+00 2.657966308593749716e+00
-6.923923923923922530e+00 2.727790527343749716e+00
-6.423423423423429313e+00 2.351325683593749716e+00
-5.922922922922921884e+00 2.493659667968749716e+00
-5.422422422422428667e+00 2.904060058593749716e+00
-4.921921921921921239e+00 3.550544433593749716e+00
-4.421421421421413811e+00 3.212409667968749716e+00
-3.920920920920920594e+00 2.929694824218749716e+00
-3.420420420420427376e+00 3.834235839843749716e+00
-2.919919919919919948e+00 3.938239746093749716e+00
-2.419419419419412520e+00 4.238532714843749716e+00
-1.918918918918919303e+00 4.591804199218749716e+00
-1.418418418418426086e+00 4.864997558593749716e+00
-9.179179179179186576e-01 4.754157714843749716e+00
-4.174174174174254404e-01 4.649421386718749716e+00
8.308308308308198775e-02 4.340339355468749716e+00
5.835835835835894159e-01 4.033698730468749716e+00
1.084084084084096844e+00 4.149665527343749716e+00
1.584584584584575850e+00 4.100104980468749716e+00
2.085085085085083278e+00 4.599616699218749716e+00
2.585585585585590707e+00 3.989753417968749716e+00
3.086086086086083924e+00 3.863532714843749716e+00
3.586586586586591352e+00 4.188728027343749716e+00
4.087087087087084569e+00 5.079353027343749716e+00
4.587587587587577787e+00 4.867438964843749716e+00
5.088088088088085215e+00 4.421394042968749716e+00
5.588588588588592643e+00 4.860358886718749716e+00
6.089089089089100071e+00 5.139411621093749716e+00
6.589589589589579077e+00 4.499030761718749716e+00
7.090090090090086505e+00 3.830085449218749716e+00
7.590590590590593933e+00 4.057380371093749716e+00
8.091091091091087151e+00 3.801276855468749716e+00
8.591591591591594579e+00 3.856696777343749716e+00
9.092092092092102007e+00 4.392097167968749716e+00
9.592592592592581013e+00 5.356208496093749716e+00
1.009309309309308844e+01 5.055915527343749716e+00
1.059359359359359587e+01 4.781989746093749716e+00
1.109409409409410330e+01 5.445563964843749716e+00
1.159459459459459651e+01 4.765632324218749716e+00
1.209509509509508973e+01 4.766853027343749716e+00
1.259559559559559716e+01 4.671638183593749716e+00
1.309609609609609038e+01 4.952399902343749716e+00
1.359659659659659781e+01 5.490485839843749716e+00
1.409709709709710523e+01 6.954108886718749716e+00
1.459759759759758424e+01 8.422614746093749716e+00
1.509809809809809167e+01 9.658210449218749716e+00
1.559859859859859910e+01 1.158911865234374972e+01
1.609909909909910652e+01 1.486084716796874972e+01
1.659959959959959974e+01 1.982666748046874972e+01
1.710010010010010717e+01 2.289405029296874972e+01
1.760060060060060039e+01 2.534497802734374972e+01
1.810110110110109360e+01 2.705152099609374972e+01
1.860160160160160103e+01 2.858423583984374972e+01
1.910210210210210846e+01 3.056958740234374972e+01
1.960260260260260168e+01 3.069629638671874972e+01
2.010310310310309490e+01 3.113916748046874972e+01
2.060360360360360232e+01 3.183325927734374972e+01
2.110410410410410975e+01 3.217407958984374972e+01
2.160460460460460297e+01 3.262012451171874972e+01
2.210510510510511040e+01 3.356275146484374972e+01
2.260560560560561782e+01 3.441358154296874972e+01
2.310610610610609683e+01 3.566797607421874972e+01
2.360660660660660426e+01 3.632813232421874972e+01
2.410710710710711169e+01 3.640454833984374972e+01
2.460760760760760490e+01 3.638208740234374972e+01
2.510810810810811233e+01 3.592700927734374972e+01
2.560860860860860555e+01 3.526001708984374972e+01
2.610910910910911298e+01 3.560474365234374972e+01
2.660960960960960620e+01 3.526905029296874972e+01
2.711011011011011362e+01 3.421509521484374972e+01
2.761061061061062105e+01 3.366577880859374972e+01
2.811111111111110006e+01 3.445825927734374972e+01
2.861161161161160749e+01 3.416260498046874972e+01
2.911211211211211491e+01 3.268042724609374972e+01
2.961261261261260813e+01 3.132691162109374972e+01
3.011311311311311556e+01 3.114746826171874972e+01
3.061361361361362299e+01 3.089087646484374972e+01
3.111411411411411621e+01 2.925733154296874972e+01
3.161461461461460942e+01 2.706739013671874972e+01
3.211511511511511685e+01 2.602564208984374972e+01
3.261561561561562428e+01 2.491382568359374972e+01
3.311611611611611750e+01 2.442920654296874972e+01
3.361661661661661071e+01 2.390723388671874972e+01
3.411711711711711814e+01 2.342237060546874972e+01
3.461761761761761136e+01 2.267896240234374972e+01
3.511811811811811879e+01 2.113843505859374972e+01
3.561861861861862621e+01 2.070508544921874972e+01
3.611911911911911943e+01 2.065576904296874972e+01
3.661961961961961265e+01 1.982105224609374972e+01
3.712012012012012008e+01 1.870362060546874972e+01
3.762062062062062751e+01 1.865918701171874972e+01
3.812112112112112072e+01 1.812549560546874972e+01
3.862162162162162815e+01 1.744654052734374972e+01
3.912212212212212137e+01 1.581031005859374972e+01
3.962262262262261459e+01 1.410962646484374972e+01
4.012312312312312201e+01 1.238916748046874972e+01
4.062362362362362944e+01 1.100073974609374972e+01
4.112412412412413687e+01 1.058716552734374972e+01
4.162462462462461588e+01 9.321296386718749716e+00
4.212512512512513752e+01 8.202888183593749716e+00
4.262562562562563073e+01 5.653571777343749716e+00
4.312612612612610974e+01 4.655769042968749716e+00
4.362662662662663138e+01 3.698493652343749716e+00
4.412712712712712460e+01 2.902839355468749716e+00
4.462762762762763202e+01 8.615795898437497158e-01
4.512812812812813945e+01 -4.467041015625028422e-02
4.562862862862860425e+01 -1.018303222656250284e+00
4.612912912912912589e+01 -1.811760253906250284e+00
4.662962962962961910e+01 -2.142326660156250284e+00
4.713013013013014074e+01 -2.054924316406250284e+00
4.763063063063063396e+01 -2.812004394531250284e+00
4.813113113113112718e+01 -3.881828613281250284e+00
4.863163163163164882e+01 -5.254143066406250284e+00
4.913213213213211361e+01 -5.837395019531250284e+00
4.963263263263263525e+01 -5.895500488281250284e+00
5.013313313313312847e+01 -6.799553222656250284e+00
5.063363363363365011e+01 -6.738029785156250284e+00
5.113413413413414332e+01 -7.528312988281250284e+00
5.163463463463463654e+01 -8.355949707031250284e+00
5.213513513513512976e+01 -9.032707519531250284e+00
5.263563563563562298e+01 -8.849113769531250284e+00
5.313613613613614461e+01 -9.187492675781250284e+00
5.363663663663663783e+01 -8.591301269531250284e+00
5.413713713713713105e+01 -9.191643066406250284e+00
5.463763763763765269e+01 -8.812736816406250284e+00
5.513813813813814591e+01 -8.052238769531250284e+00
5.563863863863863912e+01 -7.952141113281250284e+00
5.613913913913913234e+01 -8.216789550781250284e+00
5.663963963963962556e+01 -8.708732910156250284e+00
5.714014014014014720e+01 -7.579582519531250284e+00
5.764064064064064041e+01 -6.846916503906250284e+00
5.814114114114116205e+01 -6.782951660156250284e+00
5.864164164164165527e+01 -6.282951660156250284e+00
5.914214214214212006e+01 -5.442863769531250284e+00
5.964264264264264170e+01 -5.021965332031250284e+00
6.014314314314313492e+01 -5.528557128906250284e+00
6.064364364364365656e+01 -5.557609863281250284e+00
6.114414414414414978e+01 -4.304680175781250284e+00
6.164464464464464299e+01 -2.641350097656250284e+00
6.214514514514513621e+01 -1.694084472656250284e+00
6.264564564564562943e+01 -1.078850097656250284e+00
6.314614614614615107e+01 -2.783129882812502842e-01
6.364664664664664429e+01 1.596752929687497158e-01
6.414714714714713750e+01 6.638256835937497158e-01
6.464764764764765914e+01 1.434821777343749716e+00
6.514814814814815236e+01 1.589851074218749716e+00
6.564864864864864558e+01 2.456062011718749716e+00
6.614914914914913879e+01 3.873054199218749716e+00
6.664964964964966043e+01 4.543952636718749716e+00
6.715015015015015365e+01 5.024177246093749716e+00
6.765065065065064687e+01 5.309577636718749716e+00
6.815115115115116851e+01 5.782233886718749716e+00
6.865165165165166172e+01 6.609382324218749716e+00
6.915215215215215494e+01 7.285163574218749716e+00
6.965265265265264816e+01 7.689460449218749716e+00
7.015315315315314137e+01 8.752937011718749716e+00
7.065365365365366301e+01 9.710944824218749716e+00
7.115415415415415623e+01 1.147144287109374972e+01
7.165465465465467787e+01 1.184888427734374972e+01
7.215515515515514267e+01 1.303418701171874972e+01
7.265565565565563588e+01 1.457178466796874972e+01
7.315615615615615752e+01 1.466040771484374972e+01
7.365665665665665074e+01 1.630664794921874972e+01
7.415715715715717238e+01 1.734644287109374972e+01
7.465765765765766560e+01 1.810645263671874972e+01
7.515815815815815881e+01 1.891211669921874972e+01
7.565865865865865203e+01 1.936621826171874972e+01
7.615915915915914525e+01 1.939820068359374972e+01
7.665965965965966689e+01 2.008863037109374972e+01
7.716016016016016010e+01 2.098975341796874972e+01
7.766066066066065332e+01 2.259473388671874972e+01
7.816116116116117496e+01 2.307520263671874972e+01
7.866166166166166818e+01 2.303369873046874972e+01
7.916216216216216139e+01 2.307617919921874972e+01
7.966266266266265461e+01 2.382715576171874972e+01
8.016316316316314783e+01 2.404834716796874972e+01
8.066366366366366947e+01 2.541504638671874972e+01
8.116416416416416268e+01 2.718042724609374972e+01
8.166466466466468432e+01 2.793921630859374972e+01
8.216516516516514912e+01 2.854395263671874972e+01
8.266566566566567076e+01 2.919922607421874972e+01
8.316616616616616398e+01 2.984717529296874972e+01
8.366666666666665719e+01 2.928540771484374972e+01
8.416716716716717883e+01 2.992505615234374972e+01
8.466766766766767205e+01 3.095825927734374972e+01
8.516816816816819369e+01 3.120313232421874972e+01
8.566866866866865848e+01 3.152857177734374972e+01
8.616916916916915170e+01 3.240454833984374972e+01
8.666966966966967334e+01 3.293189208984374972e+01
8.717017017017016656e+01 3.275904052734374972e+01
8.767067067067068820e+01 3.332105224609374972e+01
8.817117117117118141e+01 3.376905029296874972e+01
8.867167167167167463e+01 3.442114990234374972e+01
8.917217217217216785e+01 3.487256591796874972e+01
8.967267267267266107e+01 3.495874755859374972e+01
9.017317317317318270e+01 3.401001708984374972e+01
9.067367367367367592e+01 3.490747802734374972e+01
9.117417417417416914e+01 3.586475341796874972e+01
9.167467467467469078e+01 3.550684326171874972e+01
9.217517517517515557e+01 3.586402099609374972e+01
9.267567567567567721e+01 3.577759521484374972e+01
9.317617617617617043e+01 3.646753662109374972e+01
9.367667667667666365e+01 3.750562255859374972e+01
9.417717717717718529e+01 3.818921630859374972e+01
9.467767767767767850e+01 3.785889404296874972e+01
9.517817817817820014e+01 3.717530029296874972e+01
9.567867867867866494e+01 3.715796630859374972e+01
9.617917917917915815e+01 3.681446044921874972e+01
9.667967967967967979e+01 3.635474365234374972e+01
9.718018018018017301e+01 3.662525146484374972e+01
9.768068068068069465e+01 3.694092529296874972e+01
9.818118118118118787e+01 3.766236083984374972e+01
9.868168168168168108e+01 3.766870849609374972e+01
9.918218218218217430e+01 3.724732177734374972e+01
9.968268268268266752e+01 3.656836669921874972e+01
1.001831831831831892e+02 3.658936279296874972e+01
1.006836836836836824e+02 3.601197021484374972e+01
1.011841841841842040e+02 3.628443115234374972e+01
1.016846846846846972e+02 3.705371826171874972e+01
1.021851851851851620e+02 3.733936279296874972e+01
1.026856856856856837e+02 3.739014404296874972e+01
1.031861861861861769e+02 3.773902099609374972e+01
1.036866866866866985e+02 3.709790771484374972e+01
1.041871871871871917e+02 3.714453857421874972e+01
1.046876876876876850e+02 3.718677490234374972e+01
1.051881881881882066e+02 3.751489990234374972e+01
1.056886886886886714e+02 3.695410888671874972e+01
1.061891891891891930e+02 3.798975341796874972e+01
1.066896896896896862e+02 3.857373779296874972e+01
1.071901901901901795e+02 3.861963623046874972e+01
1.076906906906907011e+02 3.804370849609374972e+01
1.081911911911911943e+02 3.780322998046874972e+01
1.086916916916916875e+02 3.724268310546874972e+01
1.091921921921921808e+02 3.725537841796874972e+01
1.096926926926926740e+02 3.787671630859374972e+01
1.101931931931931956e+02 3.861963623046874972e+01
1.106936936936936888e+02 3.820117919921874972e+01
1.111941941941942105e+02 3.798950927734374972e+01
1.116946946946947037e+02 3.790845458984374972e+01
1.121951951951951685e+02 3.852490966796874972e+01
1.126956956956956901e+02 3.857691162109374972e+01
1.131961961961961833e+02 3.817725341796874972e+01
1.136966966966967050e+02 3.757422607421874972e+01
1.141971971971971982e+02 3.708887451171874972e+01
1.146976976976977198e+02 3.715552490234374972e+01
1.151981981981982130e+02 3.704175537109374972e+01
1.156986986986986778e+02 3.800806396484374972e+01
1.161991991991991995e+02 3.727564208984374972e+01
1.166996996996996927e+02 3.702735107421874972e+01
1.172002002002002143e+02 3.685816162109374972e+01
1.177007007007007076e+02 3.699463623046874972e+01
1.182012012012012008e+02 3.614185302734374972e+01
1.187017017017016940e+02 3.621948974609374972e+01
1.192022022022021872e+02 3.605200927734374972e+01
1.197027027027027088e+02 3.639673583984374972e+01
1.202032032032032021e+02 3.638135498046874972e+01
1.207037037037036953e+02 3.622608154296874972e+01
1.212042042042042169e+02 3.532642333984374972e+01
1.217047047047047101e+02 3.460059326171874972e+01
1.222052052052052034e+02 3.412598388671874972e+01
1.227057057057056966e+02 3.378833740234374972e+01
1.232062062062061898e+02 3.364380615234374972e+01
1.237067067067067114e+02 3.353565185546874972e+01
1.242072072072072046e+02 3.360547607421874972e+01
1.247077077077077263e+02 3.341724365234374972e+01
1.252082082082082195e+02 3.331275146484374972e+01
1.257087087087086843e+02 3.287573974609374972e+01
1.262092092092092059e+02 3.154151123046874972e+01
1.267097097097096992e+02 3.135059326171874972e+01
1.272102102102102208e+02 3.257642333984374972e+01
1.277107107107107140e+02 3.299024169921874972e+01
1.282112112112112356e+02 3.252344482421874972e+01
1.287117117117117004e+02 3.223340576171874972e+01
1.292122122122121937e+02 3.149854248046874972e+01
1.297127127127127153e+02 3.114697998046874972e+01
1.302132132132132085e+02 3.012158935546874972e+01
1.307137137137137302e+02 2.990015380859374972e+01
1.312142142142142234e+02 3.086817138671874972e+01
1.317147147147147166e+02 3.089527099609374972e+01
1.322152152152152098e+02 2.986572998046874972e+01
1.327157157157157030e+02 2.965747802734374972e+01
1.332162162162162247e+02 2.987940185546874972e+01
1.337167167167167179e+02 3.014405029296874972e+01
1.342172172172172111e+02 2.955078857421874972e+01
1.347177177177177327e+02 2.960010498046874972e+01
1.352182182182182260e+02 2.831714599609374972e+01
1.357187187187187192e+02 2.741724365234374972e+01
1.362192192192192124e+02 2.684375732421874972e+01
1.367197197197197056e+02 2.676197021484374972e+01
1.372202202202202272e+02 2.699097412109374972e+01
1.377207207207207205e+02 2.690113037109374972e+01
1.382212212212212421e+02 2.663574951171874972e+01
1.387217217217217069e+02 2.630884521484374972e+01
1.392222222222222001e+02 2.673926513671874972e+01
1.397227227227227218e+02 2.634107177734374972e+01
1.402232232232232150e+02 2.618286865234374972e+01
1.407237237237237366e+02 2.644239013671874972e+01
1.412242242242242298e+02 2.706421630859374972e+01
1.417247247247247230e+02 2.691455810546874972e+01
1.422252252252252163e+02 2.643140380859374972e+01
1.427257257257257095e+02 2.537476318359374972e+01
1.432262262262262311e+02 2.533960693359374972e+01
1.437267267267267243e+02 2.611572998046874972e+01
1.442272272272272460e+02 2.594190185546874972e+01
1.447277277277277392e+02 2.560742919921874972e+01
1.452282282282282324e+02 2.520606201171874972e+01
1.457287287287287256e+02 2.524927490234374972e+01
1.462292292292292188e+02 2.498560302734374972e+01
1.467297297297297405e+02 2.400415771484374972e+01
1.472302302302302337e+02 2.386255615234374972e+01
1.477307307307307269e+02 2.379273193359374972e+01
1.482312312312312486e+02 2.434839599609374972e+01
1.487317317317317134e+02 2.456153076171874972e+01
1.492322322322322350e+02 2.404053466796874972e+01
1.497327327327327282e+02 2.352246826171874972e+01
1.502332332332332214e+02 2.285645263671874972e+01
1.507337337337337431e+02 2.240186279296874972e+01
1.512342342342342363e+02 2.267554443359374972e+01
1.517347347347347579e+02 2.217700927734374972e+01
1.522352352352352227e+02 2.191040771484374972e+01
1.527357357357357159e+02 2.125196044921874972e+01
1.532362362362362376e+02 2.105030029296874972e+01
1.537367367367367308e+02 2.111548583984374972e+01
1.542372372372372524e+02 2.121778076171874972e+01
1.547377377377377456e+02 2.127466552734374972e+01
1.552382382382382389e+02 2.080127685546874972e+01
1.557387387387387321e+02 2.102124755859374972e+01
1.562392392392392253e+02 2.042798583984374972e+01
1.567397397397397469e+02 1.903101318359374972e+01
1.572402402402402402e+02 1.869776123046874972e+01
1.577407407407407334e+02 1.849585693359374972e+01
1.582412412412412550e+02 1.810083740234374972e+01
1.587417417417417198e+02 1.829883544921874972e+01
1.592422422422422414e+02 1.901172607421874972e+01
1.597427427427427347e+02 1.931763427734374972e+01
1.602432432432432563e+02 1.921314208984374972e+01
1.607437437437437495e+02 1.811621826171874972e+01
1.612442442442442427e+02 1.684497802734374972e+01
1.617447447447447644e+02 1.758545654296874972e+01
1.622452452452452292e+02 1.798340576171874972e+01
1.627457457457457508e+02 1.754956787109374972e+01
1.632462462462462440e+02 1.682373779296874972e+01
1.637467467467467372e+02 1.579370849609374972e+01
1.642472472472472589e+02 1.578906982421874972e+01
1.647477477477477521e+02 1.651587646484374972e+01
1.652482482482482737e+02 1.633594482421874972e+01
1.657487487487487385e+02 1.631421630859374972e+01
1.662492492492492318e+02 1.652637451171874972e+01
1.667497497497497534e+02 1.617798583984374972e+01
1.672502502502502750e+02 1.664917724609374972e+01
1.677507507507507682e+02 1.626074951171874972e+01
1.682512512512512615e+02 1.509571044921874972e+01
1.687517517517517263e+02 1.545581787109374972e+01
1.692522522522522195e+02 1.482471435546874972e+01
1.697527527527527695e+02 1.427027099609374972e+01
1.702532532532532628e+02 1.430835693359374972e+01
1.707537537537537560e+02 1.457666748046874972e+01
1.712542542542542492e+02 1.434961669921874972e+01
1.717547547547547424e+02 1.412940185546874972e+01
1.722552552552552640e+02 1.382569091796874972e+01
1.727557557557557573e+02 1.318384521484374972e+01
1.732562562562562789e+02 1.325293701171874972e+01
1.737567567567567153e+02 1.416529052734374972e+01
1.742572572572572085e+02 1.532569091796874972e+01
1.747577577577577586e+02 1.457105224609374972e+01
1.752582582582582518e+02 1.369702880859374972e+01
1.757587587587587450e+02 1.314405029296874972e+01
1.762592592592592382e+02 1.321216552734374972e+01
1.767597597597597314e+02 1.363281982421874972e+01
1.772602602602602815e+02 1.392090576171874972e+01
1.777607607607607747e+02 1.345825927734374972e+01
1.782612612612612679e+02 1.318164794921874972e+01
1.787617617617617611e+02 1.407178466796874972e+01
1.792622622622622544e+02 1.417798583984374972e+01
1.797627627627628044e+02 1.458301513671874972e+01
1.802632632632632976e+02 1.379322021484374972e+01
1.807637637637637340e+02 1.302686279296874972e+01
1.812642642642642272e+02 1.305689208984374972e+01
1.817647647647647204e+02 1.332569091796874972e+01
1.822652652652652705e+02 1.271924560546874972e+01
1.827657657657657637e+02 1.284864013671874972e+01
1.832662662662662569e+02 1.322510498046874972e+01
1.837667667667667502e+02 1.439771240234374972e+01
1.842672672672673002e+02 1.450708740234374972e+01
1.847677677677677934e+02 1.334400146484374972e+01
1.852682682682682866e+02 1.232520263671874972e+01
1.857687687687687799e+02 1.157666748046874972e+01
1.862692692692692731e+02 1.189502685546874972e+01
1.867697697697698231e+02 1.138355224609374972e+01
1.872702702702702595e+02 1.198731201171874972e+01
1.877707707707707527e+02 1.179785888671874972e+01
1.882712712712712460e+02 1.160864990234374972e+01
1.887717717717717392e+02 1.061475341796874972e+01
1.892722722722722892e+02 1.043115966796874972e+01
1.897727727727727824e+02 1.071948974609374972e+01
1.902732732732732757e+02 9.981940917968749716e+00
1.907737737737737689e+02 1.029175537109374972e+01
1.912742742742742621e+02 1.087134521484374972e+01
1.917747747747748122e+02 1.112476318359374972e+01
1.922752752752753054e+02 1.027124755859374972e+01
1.927757757757757986e+02 1.036499755859374972e+01
1.932762762762762918e+02 1.107520263671874972e+01
1.937767767767767282e+02 1.075562255859374972e+01
1.942772772772772782e+02 1.076148193359374972e+01
1.947777777777777715e+02 1.012842529296874972e+01
1.952782782782782647e+02 1.049414794921874972e+01
1.957787787787787579e+02 1.100147216796874972e+01
1.962792792792792511e+02 1.062769287109374972e+01
1.967797797797798012e+02 1.031812255859374972e+01
1.972802802802802944e+02 1.084082763671874972e+01
1.977807807807807876e+02 1.034302490234374972e+01
1.982812812812812808e+02 1.045288818359374972e+01
1.987817817817817740e+02 1.080005615234374972e+01
1.992822822822823241e+02 1.075440185546874972e+01
1.997827827827828173e+02 1.067627685546874972e+01
2.002832832832833105e+02 1.102588623046874972e+01
2.007837837837837469e+02 1.028491943359374972e+01
2.012842842842842401e+02 1.086963623046874972e+01
2.017847847847847902e+02 1.106519287109374972e+01
2.022852852852852834e+02 1.089673583984374972e+01
2.027857857857857766e+02 1.091358154296874972e+01
2.032862862862862698e+02 1.081739013671874972e+01
2.037867867867867631e+02 1.079126708984374972e+01
2.042872872872873131e+02 1.023755615234374972e+01
2.047877877877878063e+02 1.044483154296874972e+01
2.052882882882882996e+02 1.017041748046874972e+01
2.057887887887887928e+02 9.796394042968749716e+00
2.062892892892892860e+02 9.867683105468749716e+00
2.067897897897898360e+02 9.422126464843749716e+00
2.072902902902902724e+02 8.903815917968749716e+00
2.077907907907907656e+02 9.285651855468749716e+00
2.082912912912912589e+02 1.027783935546874972e+01
2.087917917917917521e+02 1.087451904296874972e+01
2.092922922922923021e+02 1.032349365234374972e+01
2.097927927927927954e+02 9.747321777343749716e+00
2.102932932932932886e+02 9.314948730468749716e+00
2.107937937937937818e+02 9.185554199218749716e+00
2.112942942942942750e+02 1.032056396484374972e+01
2.117947947947948251e+02 9.847907714843749716e+00
2.122952952952953183e+02 9.197517089843749716e+00
2.127957957957958115e+02 8.558601074218749716e+00
2.132962962962963047e+02 8.075446777343749716e+00
2.137967967967967411e+02 8.593024902343749716e+00
2.142972972972972912e+02 8.500983886718749716e+00
2.147977977977977844e+02 8.620856933593749716e+00
2.152982982982982776e+02 7.562019042968749716e+00
2.157987987987987708e+02 7.492438964843749716e+00
2.162992992992993209e+02 8.073737792968749716e+00
2.167997997997998141e+02 7.193366699218749716e+00
2.173003003003003073e+02 6.741462402343749716e+00
2.178008008008008005e+02 6.170905761718749716e+00
2.183013013013012937e+02 6.102058105468749716e+00
2.188018018018018438e+02 6.228034667968749716e+00
2.193023023023023370e+02 6.652595214843749716e+00
2.198028028028028302e+02 6.867927246093749716e+00
2.203033033033033234e+02 6.435065917968749716e+00
2.208038038038037598e+02 6.020515136718749716e+00
2.213043043043043099e+02 5.957526855468749716e+00
2.218048048048048031e+02 6.038093261718749716e+00
2.223053053053052963e+02 5.950690917968749716e+00
2.228058058058057895e+02 4.820075683593749716e+00
2.233063063063062827e+02 4.535651855468749716e+00
2.238068068068068328e+02 5.145270996093749716e+00
2.243073073073073260e+02 5.360358886718749716e+00
2.248078078078078192e+02 5.232917480468749716e+00
2.253083083083083125e+02 5.555427246093749716e+00
2.258088088088088057e+02 5.196540527343749716e+00
2.263093093093093557e+02 5.085944824218749716e+00
2.268098098098098490e+02 5.228767089843749716e+00
2.273103103103102853e+02 5.834235839843749716e+00
2.278108108108107785e+02 6.277351074218749716e+00
2.283113113113112718e+02 6.043952636718749716e+00
2.288118118118118218e+02 5.154548339843749716e+00
2.293123123123123150e+02 5.270515136718749716e+00
2.298128128128128083e+02 5.239509277343749716e+00
2.303133133133133015e+02 4.575690917968749716e+00
2.308138138138137947e+02 4.963142089843749716e+00
2.313143143143143448e+02 4.730476074218749716e+00
2.318148148148148380e+02 4.079353027343749716e+00
2.323153153153153312e+02 4.586677246093749716e+00
2.328158158158158244e+02 3.767097167968749716e+00
2.333163163163163176e+02 2.554694824218749716e+00
2.338168168168168108e+02 2.857673339843749716e+00
2.343173173173173041e+02 4.023200683593749716e+00
2.348178178178177973e+02 4.350593261718749716e+00
2.353183183183182905e+02 4.487312011718749716e+00
2.358188188188187837e+02 3.915778808593749716e+00
2.363193193193193338e+02 3.679938964843749716e+00
2.368198198198198270e+02 4.308112792968749716e+00
2.373203203203203202e+02 3.239265136718749716e+00
2.378208208208208134e+02 2.901618652343749716e+00
2.383213213213213066e+02 1.716804199218749716e+00
2.388218218218218567e+02 1.736823730468749716e+00
2.393223223223223499e+02 2.121833496093749716e+00
2.398228228228228431e+02 1.841560058593749716e+00
2.403233233233233364e+02 1.979743652343749716e+00
2.408238238238237727e+02 1.447028808593749716e+00
2.413243243243243228e+02 2.104499511718749716e+00
2.418248248248248160e+02 2.001228027343749716e+00
2.423253253253253092e+02 2.100104980468749716e+00
2.428258258258258024e+02 1.806403808593749716e+00
2.433263263263262957e+02 2.249030761718749716e+00
2.438268268268268457e+02 2.238776855468749716e+00
2.443273273273273389e+02 2.691169433593749716e+00
2.448278278278278322e+02 2.371345214843749716e+00
2.453283283283283254e+02 1.860114746093749716e+00
2.458288288288288754e+02 8.134838867187497158e-01
2.463293293293293686e+02 1.544685058593749716e+00
2.468298298298298619e+02 2.358405761718749716e+00
2.473303303303302982e+02 3.023200683593749716e+00
2.478308308308307915e+02 2.796638183593749716e+00
2.483313313313313415e+02 2.227546386718749716e+00
2.488318318318318347e+02 1.806403808593749716e+00
2.493323323323323280e+02 1.432624511718749716e+00
2.498328328328328212e+02 6.967846679687497158e-01
2.503333333333333144e+02 6.958081054687497158e-01
2.508338338338338644e+02 1.273688964843749716e+00
2.513343343343343577e+02 9.963452148437497158e-01
2.518348348348348509e+02 9.411694335937497158e-01
2.523353353353353441e+02 5.940014648437497158e-01
2.528358358358358373e+02 4.145581054687497158e-01
2.533363363363363874e+02 3.007885742187497158e-01
2.538368368368368237e+02 3.181225585937497158e-01
2.543373373373373170e+02 1.196784667968749716e+00
2.548378378378378102e+02 1.188728027343749716e+00
2.553383383383383034e+02 1.174567871093749716e+00
2.558388388388388535e+02 1.858894042968749716e+00
2.563393393393393467e+02 1.846442871093749716e+00
2.568398398398398399e+02 1.237067871093749716e+00
2.573403403403403331e+02 1.434333496093749716e+00
2.578408408408408263e+02 2.975593261718749716e+00
2.583413413413413764e+02 2.585700683593749716e+00
2.588418418418418696e+02 1.822517089843749716e+00
2.593423423423423628e+02 1.360603027343749716e+00
2.598428428428428560e+02 1.907478027343749716e+00
2.603433433433433493e+02 2.554206542968749716e+00
2.608438438438438425e+02 2.659431152343749716e+00
2.613443443443443357e+02 3.035895996093749716e+00
2.618448448448448289e+02 2.616706542968749716e+00
2.623453453453453221e+02 2.239753417968749716e+00
2.628458458458458153e+02 1.584724121093749716e+00
2.633463463463463654e+02 1.084235839843749716e+00
2.638468468468468586e+02 1.970954589843749716e+00
2.643473473473473518e+02 2.122321777343749716e+00
2.648478478478478451e+02 2.131354980468749716e+00
2.653483483483483383e+02 2.031257324218749716e+00
2.658488488488488883e+02 1.592536621093749716e+00
2.663493493493493816e+02 9.309155273437497158e-01
2.668498498498498748e+02 1.332282714843749716e+00
2.673503503503503111e+02 1.558601074218749716e+00
2.678508508508508044e+02 2.232673339843749716e+00
2.683513513513513544e+02 1.597663574218749716e+00
2.688518518518518476e+02 9.240795898437497158e-01
2.693523523523523409e+02 6.728588867187497158e-01
2.698528528528528341e+02 1.171638183593749716e+00
2.703533533533533273e+02 1.200935058593749716e+00
2.708538538538538774e+02 1.774909667968749716e+00
2.713543543543543706e+02 1.684577636718749716e+00
2.718548548548548638e+02 7.922436523437497158e-01
2.723553553553553570e+02 4.497143554687497158e-01
2.728558558558558502e+02 5.932690429687497158e-01
2.733563563563564003e+02 -1.752856445312502842e-01
2.738568568568568367e+02 -6.303637695312502842e-01
2.743573573573573299e+02 -8.181079101562502842e-01
2.748578578578578231e+02 -9.858325195312502842e-01
2.753583583583583163e+02 -2.098381347656250284e+00
2.758588588588588664e+02 -1.081047363281250284e+00
2.763593593593593596e+02 -7.297290039062502842e-01
2.768598598598598528e+02 -6.328051757812502842e-01
2.773603603603603460e+02 -7.092211914062502842e-01
2.778608608608608961e+02 -1.337639160156250284e+00
2.783613613613613893e+02 -1.394768066406250284e+00
2.788618618618618825e+02 -8.884204101562502842e-01
2.793623623623623757e+02 -8.967211914062502842e-01
2.798628628628628690e+02 -1.509270019531250284e+00
2.803633633633633622e+02 -1.204094238281250284e+00
2.808638638638638554e+02 -1.103996582031250284e+00
2.813643643643643486e+02 -1.073234863281250284e+00
2.818648648648648418e+02 -8.708422851562502842e-01
2.823653653653653350e+02 -1.679436035156250284e+00
2.828658658658658851e+02 -2.276604003906250284e+00
2.833663663663663783e+02 -2.215568847656250284e+00
2.838668668668668715e+02 -1.872062988281250284e+00
2.843673673673673647e+02 -1.471916503906250284e+00
2.848678678678678580e+02 -1.305412597656250284e+00
2.853683683683684080e+02 -7.055590820312502842e-01
2.858688688688689012e+02 -8.583911132812502842e-01
2.863693693693693945e+02 -1.184074707031250284e+00
2.868698698698698877e+02 -1.343742675781250284e+00
2.873703703703703241e+02 -1.319084472656250284e+00
2.878708708708708741e+02 -1.859367675781250284e+00
2.883713713713713673e+02 -2.437248535156250284e+00
2.888718718718718605e+02 -1.876945800781250284e+00
2.893723723723723538e+02 -2.190910644531250284e+00
2.898728728728728470e+02 -1.976555175781250284e+00
2.903733733733733970e+02 -2.288811035156250284e+00
2.908738738738738903e+02 -1.981193847656250284e+00
2.913743743743743835e+02 -2.273674316406250284e+00
2.918748748748748767e+02 -2.864738769531250284e+00
2.923753753753753699e+02 -3.584709472656250284e+00
2.928758758758759200e+02 -3.112785644531250284e+00
2.933763763763764132e+02 -3.211662597656250284e+00
2.938768768768768496e+02 -2.888420410156250284e+00
2.943773773773773428e+02 -2.844719238281250284e+00
2.948778778778778360e+02 -2.632805175781250284e+00
2.953783783783783861e+02 -2.394523925781250284e+00
2.958788788788788793e+02 -1.590324707031250284e+00
2.963793793793793725e+02 -2.095939941406250284e+00
2.968798798798798657e+02 -2.643303222656250284e+00
2.973803803803803589e+02 -2.845451660156250284e+00
2.978808808808809090e+02 -2.618400878906250284e+00
2.983813813813814022e+02 -2.448723144531250284e+00
2.988818818818818954e+02 -2.833977050781250284e+00
2.993823823823823886e+02 -3.495109863281250284e+00
2.998828828828828819e+02 -3.129143066406250284e+00
3.003833833833833751e+02 -2.840568847656250284e+00
3.008838838838838683e+02 -2.606437988281250284e+00
3.013843843843843615e+02 -2.477531738281250284e+00
3.018848848848848547e+02 -2.869377441406250284e+00
3.023853853853853479e+02 -2.717766113281250284e+00
3.028858858858858980e+02 -3.201164550781250284e+00
3.033863863863863912e+02 -2.831291503906250284e+00
3.038868868868868844e+02 -2.878654785156250284e+00
3.043873873873873777e+02 -3.182121582031250284e+00
3.048878878878878709e+02 -2.814934082031250284e+00
3.053883883883884209e+02 -2.692863769531250284e+00
3.058888888888889142e+02 -2.770256347656250284e+00
3.063893893893894074e+02 -2.823967285156250284e+00
3.068898898898899006e+02 -2.954582519531250284e+00
3.073903903903903370e+02 -2.659904785156250284e+00
3.078908908908908870e+02 -2.246574707031250284e+00
3.083913913913913802e+02 -2.621086425781250284e+00
3.088918918918918735e+02 -2.242668457031250284e+00
3.093923923923923667e+02 -1.822990722656250284e+00
3.098928928928929167e+02 -2.842277832031250284e+00
3.103933933933934100e+02 -3.401115722656250284e+00
3.108938938938939032e+02 -3.317619628906250284e+00
3.113943943943943964e+02 -4.142570800781250284e+00
3.118948948948948896e+02 -4.118400878906250284e+00
3.123953953953954397e+02 -3.403801269531250284e+00
3.128958958958959329e+02 -3.961418457031250284e+00
3.133963963963964261e+02 -3.707756347656250284e+00
3.138968968968968625e+02 -3.781242675781250284e+00
3.143973973973973557e+02 -4.016838378906250284e+00
3.148978978978979058e+02 -4.119377441406250284e+00
3.153983983983983990e+02 -3.744133300781250284e+00
3.158988988988988922e+02 -3.161857910156250284e+00
3.163993993993993854e+02 -2.879875488281250284e+00
3.168998998998998786e+02 -3.192863769531250284e+00
3.174004004004004287e+02 -3.377434082031250284e+00
3.179009009009009219e+02 -3.018303222656250284e+00
3.184014014014014151e+02 -3.525627441406250284e+00
3.189019019019019083e+02 -3.630852050781250284e+00
3.194024024024024015e+02 -3.263176269531250284e+00
3.199029029029029516e+02 -3.321037597656250284e+00
3.204034034034033880e+02 -2.680656738281250284e+00
3.209039039039038812e+02 -2.339836425781250284e+00
3.214044044044043744e+02 -2.816398925781250284e+00
3.219049049049048676e+02 -3.363273925781250284e+00
3.224054054054054177e+02 -2.857902832031250284e+00
3.229059059059059109e+02 -2.684318847656250284e+00
3.234064064064064041e+02 -2.629875488281250284e+00
3.239069069069068973e+02 -3.723869628906250284e+00
3.244074074074073906e+02 -3.475334472656250284e+00
3.249079079079079406e+02 -3.265617675781250284e+00
3.254084084084084338e+02 -2.961174316406250284e+00
3.259089089089089271e+02 -3.074211425781250284e+00
3.264094094094094203e+02 -3.180412597656250284e+00
3.269099099099099135e+02 -3.032219238281250284e+00
3.274104104104104067e+02 -2.847648925781250284e+00
3.279109109109108999e+02 -2.902092285156250284e+00
3.284114114114113931e+02 -2.802238769531250284e+00
3.289119119119118864e+02 -2.729973144531250284e+00
3.294124124124123796e+02 -2.440666503906250284e+00
3.299129129129129296e+02 -2.495598144531250284e+00
3.304134134134134229e+02 -3.027336425781250284e+00
3.309139139139139161e+02 -2.850578613281250284e+00
3.314144144144144093e+02 -2.614250488281250284e+00
3.319149149149149025e+02 -2.816887207031250284e+00
3.324154154154154526e+02 -2.910881347656250284e+00
3.329159159159159458e+02 -2.481193847656250284e+00
3.334164164164164390e+02 -2.660637207031250284e+00
3.339169169169168754e+02 -3.123527832031250284e+00
3.344174174174173686e+02 -2.870354003906250284e+00
3.349179179179179187e+02 -2.905998535156250284e+00
3.354184184184184119e+02 -3.239494628906250284e+00
3.359189189189189051e+02 -3.286613769531250284e+00
3.364194194194193983e+02 -3.203361816406250284e+00
3.369199199199198915e+02 -2.718742675781250284e+00
3.374204204204204416e+02 -2.258293457031250284e+00
3.379209209209209348e+02 -2.741447753906250284e+00
3.384214214214214280e+02 -3.211906738281250284e+00
3.389219219219219212e+02 -3.310539550781250284e+00
3.394224224224224713e+02 -2.591057128906250284e+00
3.399229229229229645e+02 -2.366447753906250284e+00
3.404234234234234009e+02 -1.149406738281250284e+00
3.409239239239238941e+02 -1.286125488281250284e+00
3.414244244244243873e+02 -1.957268066406250284e+00
3.419249249249249374e+02 -2.015129394531250284e+00
3.424254254254254306e+02 -1.782463378906250284e+00
3.429259259259259238e+02 -1.596916503906250284e+00
3.434264264264264170e+02 -1.670891113281250284e+00
3.439269269269269103e+02 -1.594230957031250284e+00
3.444274274274274603e+02 -1.647697753906250284e+00
3.449279279279279535e+02 -1.635002441406250284e+00
3.454284284284284468e+02 -1.192619628906250284e+00
3.459289289289289400e+02 -1.602043457031250284e+00
3.464294294294294332e+02 -1.872062988281250284e+00
3.469299299299299264e+02 -1.749260253906250284e+00
3.474304304304304196e+02 -1.847404785156250284e+00
3.479309309309309128e+02 -1.988273925781250284e+00
3.484314314314314061e+02 -2.353508300781250284e+00
3.489319319319318993e+02 -2.108146972656250284e+00
3.494324324324324493e+02 -2.131828613281250284e+00
3.499329329329329425e+02 -1.208244628906250284e+00
3.504334334334334358e+02 -5.637133789062502842e-01
3.509339339339339290e+02 2.045971679687497158e-01
3.514344344344344222e+02 -3.808520507812502842e-01
3.519349349349349723e+02 -1.715324707031250284e+00
3.524354354354354655e+02 -2.051750488281250284e+00
3.529359359359359587e+02 -2.122795410156250284e+00
3.534364364364364519e+02 -1.961662597656250284e+00
3.539369369369368883e+02 -1.556633300781250284e+00
3.544374374374374383e+02 -1.002922363281250284e+00
3.549379379379379316e+02 -9.665454101562502842e-01
3.554384384384384248e+02 -1.001213378906250284e+00
3.559389389389389180e+02 -9.020922851562502842e-01
3.564394394394394112e+02 -1.650383300781250284e+00
3.569399399399399613e+02 -1.712395019531250284e+00
3.574404404404404545e+02 -2.366447753906250284e+00
3.579409409409409477e+02 -2.278801269531250284e+00
3.584414414414414409e+02 -1.869621582031250284e+00
3.589419419419419341e+02 -1.923088378906250284e+00
3.594424424424424842e+02 -1.022697753906250284e+00
3.599429429429429774e+02 -2.407153320312502842e-01
3.604434434434434138e+02 -2.636645507812502842e-01
3.609439439439439070e+02 -7.517016601562502842e-01
3.614444444444444002e+02 -9.357836914062502842e-01
3.619449449449449503e+02 -1.282707519531250284e+00
3.624454454454454435e+02 -6.938403320312502842e-01
3.629459459459459367e+02 -7.587817382812502842e-01
3.634464464464464299e+02 -1.365471191406250284e+00
3.639469469469469232e+02 -9.435961914062502842e-01
3.644474474474474732e+02 -1.725334472656250284e+00
3.649479479479479664e+02 -1.032707519531250284e+00
3.654484484484484597e+02 -3.010180664062502842e-01
3.659489489489489529e+02 -7.954028320312502842e-01
3.664494494494494461e+02 -1.484123535156250284e+00
3.669499499499499962e+02 -1.533195800781250284e+00
3.674504504504504325e+02 -1.022941894531250284e+00
3.679509509509509257e+02 -1.068107910156250284e+00
3.684514514514514190e+02 -3.185961914062502842e-01
3.689519519519519122e+02 3.386303710937497158e-01
3.694524524524524622e+02 -5.485766601562502842e-01
3.699529529529529555e+02 -3.735278320312502842e-01
3.704534534534534487e+02 -6.188891601562502842e-01
3.709539539539539419e+02 -1.148186035156250284e+00
3.714544544544544920e+02 -6.061938476562502842e-01
3.719549549549549852e+02 -5.485766601562502842e-01
3.724554554554554784e+02 -4.631274414062502842e-01
3.729559559559559716e+02 -3.610766601562502842e-01
3.734564564564564648e+02 -7.421142578125028422e-02
3.739569569569569580e+02 -1.781494140625028422e-02
3.744574574574574513e+02 -7.070239257812502842e-01
3.749579579579579445e+02 -1.117180175781250284e+00
3.754584584584584377e+02 -1.433830566406250284e+00
3.759589589589589309e+02 -7.536547851562502842e-01
3.764594594594594810e+02 -5.825122070312502842e-01
3.769599599599599742e+02 -5.207446289062502842e-01
3.774604604604604674e+02 -3.117602539062502842e-01
3.779609609609609606e+02 -6.342700195312502842e-01
3.784614614614614538e+02 -8.810961914062502842e-01
3.789619619619620039e+02 -2.387622070312502842e-01
3.794624624624624971e+02 3.283764648437497158e-01
3.799629629629629903e+02 2.808349609374971578e-02
3.804634634634634267e+02 3.544995117187497158e-01
3.809639639639639199e+02 2.360913085937497158e-01
3.814644644644644700e+02 5.334545898437497158e-01
3.819649649649649632e+02 3.625561523437497158e-01
3.824654654654654564e+02 2.368237304687497158e-01
3.829659659659659496e+02 -3.320239257812502842e-01
3.834664664664664429e+02 -8.725512695312502842e-01
3.839669669669669929e+02 -9.572680664062502842e-01
3.844674674674674861e+02 -1.858391113281250284e+00
3.849679679679679793e+02 -1.523918457031250284e+00
3.854684684684684726e+02 -1.489982910156250284e+00
3.859689689689689658e+02 -7.934497070312502842e-01
3.864694694694695158e+02 -1.306877441406250284e+00
3.869699699699699522e+02 -1.705070800781250284e+00
3.874704704704704454e+02 -1.353508300781250284e+00
3.879709709709709387e+02 -2.082512207031250284e+00
3.884714714714714319e+02 -2.801750488281250284e+00
3.889719719719719819e+02 -2.583000488281250284e+00
3.894724724724724751e+02 -2.093254394531250284e+00
3.899729729729729684e+02 -2.063957519531250284e+00
3.904734734734734616e+02 -2.043937988281250284e+00
3.909739739739739548e+02 -2.012443847656250284e+00
3.914744744744745049e+02 -1.524895019531250284e+00
3.919749749749749981e+02 -1.598137207031250284e+00
3.924754754754754913e+02 -1.813957519531250284e+00
3.929759759759759845e+02 -1.772697753906250284e+00
3.934764764764764777e+02 -1.660881347656250284e+00
3.939769769769769709e+02 -9.831469726562502842e-01
3.944774774774774642e+02 -1.625480957031250284e+00
3.949779779779779574e+02 -1.172600097656250284e+00
3.954784784784784506e+02 -1.535571289062502842e-01
3.959789789789789438e+02 -2.809985351562502842e-01
3.964794794794794939e+02 -9.338305664062502842e-01
3.969799799799799871e+02 -9.621508789062502842e-01
3.974804804804804803e+02 -3.681567382812502842e-01
3.979809809809809735e+02 2.705151367187497158e-01
3.984814814814814667e+02 8.960693359374971578e-02
3.989819819819820168e+02 -1.065666503906250284e+00
3.994824824824825100e+02 -1.640373535156250284e+00
3.999829829829830032e+02 -1.452385253906250284e+00
4.004834834834834396e+02 -1.174553222656250284e+00
4.009839839839839328e+02 -7.612231445312502842e-01
4.014844844844844829e+02 2.224194335937497158e-01
4.019849849849849761e+02 -3.166503906250284217e-03
4.024854854854854693e+02 -1.172111816406250284e+00
4.029859859859859625e+02 -1.200432128906250284e+00
4.034864864864865126e+02 -1.093010253906250284e+00
4.039869869869870058e+02 -1.298332519531250284e+00
4.044874874874874990e+02 -5.644458007812502842e-01
4.049879879879879923e+02 -6.152270507812502842e-01
4.054884884884884855e+02 -4.697192382812502842e-01
4.059889889889890355e+02 -8.059008789062502842e-01
4.064894894894895288e+02 -8.381274414062502842e-01
4.069899899899900220e+02 -4.831469726562502842e-01
4.074904904904904583e+02 5.860107421874971578e-02
4.079909909909909516e+02 -2.309497070312502842e-01
4.084914914914915016e+02 -4.392016601562502842e-01
4.089919919919919948e+02 6.218334960937497158e-01
4.094924924924924881e+02 5.974194335937497158e-01
4.099929929929929813e+02 1.550366210937497158e-01
4.104934934934934745e+02 -2.736743164062502842e-01
4.109939939939940245e+02 8.057373046874971578e-02
4.114944944944945178e+02 3.703686523437497158e-01
4.119949949949950110e+02 1.594311523437497158e-01
4.124954954954955042e+02 1.040112304687497158e-01
4.129959959959959974e+02 -9.692382812502842171e-04
4.134964964964965475e+02 -3.183520507812502842e-01
4.139969969969969839e+02 -3.193286132812502842e-01
4.144974974974974771e+02 1.049877929687497158e-01
4.149979979979979703e+02 5.175854492187497158e-01
4.154984984984984635e+02 4.282299804687497158e-01
4.159989989989990136e+02 1.110358886718749716e+00
4.164994994994995068e+02 1.174079589843749716e+00
4.170000000000000000e+02 9.702221679687497158e-01
